5.32404133962666	752.8093332022042	0
7.9331452761261385	2676.591659953055	1
18.07814985855516	3954.700058278632	1
1.9687593718064669	2064.0025206940322	0
16.034833946904293	3120.1600853969267	1
23.388442861732702	4399.091025035335	1
10.14668246433847	921.7338082728578	0
22.540910311578298	2361.657280022688	1
2.7700596792378676	3032.251739252807	0
22.177233767377942	250.77339663495445	0
2.2162939576619625	4016.8376252000717	1
12.313248926267896	1723.8820344593175	0
3.8507213459260496	4306.716809425634	1
15.916775873934823	3582.159941345948	1
14.33876153116761	3803.6599651444403	1
16.842825460285283	787.4350951656002	0
3.4442183723751016	1220.7146758902065	0
11.10365488537079	2018.291020162118	0
18.26118541789134	1944.3171156777887	1
0.7589957690570897	485.66211552715816	0
3.8982372471635705	1425.4210062996083	0
12.189354561190257	3815.1183226175954	1
8.831281997013523	1890.1067091124623	0
19.262681618712087	1944.3365861373084	1
11.288872054365978	2175.2986111434357	0
14.232576363498406	1427.5065347557813	0
21.188379404990357	412.7686825606352	0
8.41620973100487	1820.1403250451833	0
0.4475796421435767	3857.3987979328213	1
17.696757901450813	48.74464766288261	0
1.1719837423729995	1560.92209622747	0
9.64040364733042	1580.8139113244374	0
1.4591529908599838	2789.6309191522246	0
8.319115886918603	4237.337671594384	1
12.818444849114442	2050.7092198209634	0
23.042751129833523	1771.3930978303367	1
20.886022398570034	3272.9438937794066	1
12.767343525798832	2128.045939086412	1
14.622809135350952	4343.309237709452	1
21.739575701091944	522.4203703637779	0
3.2696358049725998	3934.6610956229124	1
6.31863668465832	1692.266102937539	0
11.403627057357884	3419.8792817918697	1
4.460339447137765	2586.84473318568	0
2.5884822742603886	3229.0466802613105	1
19.491377992329472	1111.6833914495887	0
2.4018630646047843	930.4508138165451	0
10.694385819822926	1565.8468499863625	0
23.305411374559824	372.939070875288	0
19.179269617264268	4158.3887258932045	1
4.713525359389215	1318.7918944278263	0
9.287974688531644	3171.4059119323374	1
4.427947264669572	1846.2303538513838	0
5.995732929712878	1469.6020588271122	0
0.9670833113983308	2912.909862369104	0
6.9092410777189315	445.1329128159469	0
23.83578937742001	1961.539682590624	1
3.841716406366336	210.7710047271189	0
1.81013972712433	631.6992294272242	0
17.006132202630223	2754.930865293997	1
2.7962189345759523	4170.704204075505	1
16.058007463127066	849.4374992780897	0
1.2690584157622302	1807.831429284115	0
23.522089673793783	1274.323550005636	1
13.17732949980875	2824.2157519414236	1
12.462123113594588	4058.204856723197	1
7.170231742833996	2110.096814917434	0
16.361736661134966	3911.776021218534	1
7.047019447265503	1193.8164049748266	0
8.363394673065423	539.0879985557252	0
9.151795657382495	2329.6528508276456	0
16.96850990861874	384.73231415603726	0
18.833328005778814	409.34214966909354	0
13.945052839875192	446.13190974654395	0
15.81792661407832	1994.014394301913	1
12.303843571555033	453.91775402768997	0
15.696616205190706	2518.39910823624	1
5.243435904130865	3913.8346620659613	1
3.026249982065109	2406.69762768712	0
23.73528857992207	2054.0489729776186	1
2.421212807739858	3300.706166590425	1
15.793757886502767	945.027359304806	0
0.37137575722370997	2544.127411654385	0
12.84003631852783	1863.8023309408823	0
15.066476927763404	1196.8132017269763	0
3.2432254153812154	4484.368812372385	1
21.85580330974971	681.1216944792092	0
0.05932909943329712	2301.759051627555	0
1.0357455974304859	4194.441523454103	1
21.056415822774664	1126.3052641887518	0
7.34916768893842	4316.52169064707	1
11.773584190585929	888.7611912554919	0
10.189043161522893	1510.4600756331324	0
10.702057574643412	2397.8262777492023	1
12.166864403376664	2228.812453373254	1
12.126241491072413	1173.1522330576845	0
21.530985241616378	11.709662139742505	0
18.52109179647026	38.68798438100346	0
4.115360350623971	1978.3903222244232	0
7.347957576731953	3182.573371484209	1
21.32946230493534	3179.053408148177	1
3.0111027229435274	1487.7034815826237	0
18.12599258109832	2444.5891496902736	1
3.823706274666163	272.6128999566542	0
0.5141688181225046	762.0190849738813	0
0.939451913903615	2840.260831024773	0
19.413023887369302	3261.0114257029745	1
20.599124691061853	697.3258070075033	0
12.890240534829047	315.9767918855581	0
8.793056457558084	2580.1171061553387	1
21.040783608436428	2975.0625903877235	1
13.241475420750424	3465.2087792895863	1
0.9265922787529988	1078.5958210969552	0
5.253728303788529	482.701540114736	0
9.233230672272004	2791.864156577854	1
15.71056824396998	2588.4664271984143	1
20.06469476524061	608.6039660429793	0
6.40345202188906	2439.341034475234	0
3.4388574367405553	3459.4821391667574	1
14.024589452460557	2222.988694229668	1
3.7991264184152094	2417.848541262532	0
23.010368556663813	2950.451903126506	1
10.3455050529837	375.93513825702513	0
7.921872712060352	72.07353524675885	0
22.223917082139053	432.4792580329547	0
23.786786974648802	3549.5331209331184	1
23.98440073990648	3282.0031703647155	1
7.564468859438504	3372.293403196917	1
19.172232043847586	3302.7418801575272	1
14.644073414608002	3304.7075407922894	1
8.591314337147772	318.0237998042843	0
23.53088369162655	4143.609641980373	1
0.6676476724499221	4127.429160004005	1
6.686636123855323	2405.8386791353983	0
14.319334775893239	2209.5256369573553	1
12.312258665927601	3731.326607827647	1
21.991525227334368	4309.132818957531	1
20.1645893593571	3922.4561307413182	1
19.807365213711027	4311.412718271622	1
4.989694191020284	2177.1073001009763	0
1.2691041175023852	1461.030907005842	0
16.19788366483934	1538.2359609008033	0
5.81472094885292	4012.809624764532	1
19.25067480722784	3593.224914694278	1
17.077354623491082	368.24097348593074	0
9.501553024466705	3620.9662451296135	1
23.021981474419505	840.1375164698927	0
0.10405436532288537	1353.4403110108613	0
17.700903739516466	4058.4215236173327	1
6.552903474797099	3626.2774414912606	1
18.956855123698652	1514.3315056824104	1
15.41283101869214	1887.981328811995	1
8.884104598264422	3845.3999112873644	1
2.1588938897130303	4182.391566730974	1
16.835589868787906	2207.0605062837685	1
3.2833103272764115	2333.9172965263497	0
14.69369324032883	2017.188522742239	1
23.001804835756896	4081.415665362264	1
15.86851133225176	2485.0295355242356	1
19.715883563399167	2094.370155856997	1
9.059672161490408	2553.5774963583954	1
4.154590528951238	12.33811010425051	0
5.6251430212757185	906.7125577319001	0
5.261089539173633	2946.6695606680487	1
5.316538893028538	827.2803028588261	0
18.302913022154286	1780.3563843765032	1
12.197355744928199	3450.5839506817515	1
4.242982076760841	716.5540825693256	0
8.47072838565437	3128.966749415943	1
16.176158754218623	136.4890559092788	0
16.085458252475284	4497.570507995318	1
9.942505708371726	2820.755712552024	1
7.581786022628351	3612.6611944652286	1
9.428860937776427	4086.6033655825113	1
7.0706842284614595	3026.028834910016	1
2.9526329067613704	4450.771927526476	1
14.177611871735126	1474.1727603301722	0
12.54051508340646	1568.6612579366292	0
18.427271709975788	128.7834771004604	0
22.758944382112773	1949.2914870153118	1
6.496196254592666	3251.053483018123	1
9.569625018042249	1474.0912081193733	0
17.79476766402869	4380.012495368308	1
18.2297726194063	3592.205983511322	1
15.993215681087191	2710.054393919747	1
17.30531970669543	2834.405343537208	1
12.472504363459112	877.1319326515377	0
9.362916850708395	2023.4054182663933	0
9.078803072008268	1593.947539780383	0
5.264152561384852	2080.432668939234	0
9.548074958991982	2592.071889585376	1
4.901891813431052	468.1653029613695	0
20.773573464132227	3106.587411595598	1
16.120735140875134	3113.916190714515	1
7.092580470082638	4417.04418353144	1
17.250486679201924	204.6813202427446	0
20.54920703295212	2330.5145833827396	1
18.513748486917805	4013.637504189349	1
9.681091889172352	2071.647398120017	0
10.609134087831901	3790.8978480134483	1
9.449051694220765	161.41938030746806	0
17.088027690726236	1710.4783479716132	1
11.372677209474263	762.3918022170127	0
3.365564587335311	2514.3043915911135	0
23.08035292611141	3043.309227442046	1
20.97031952874775	3468.2811522817606	1
18.143511645392316	1096.6040005589664	0
4.7839018865555545	921.2219171762417	0
11.426348748950781	582.5357531447139	0
12.722045198406935	732.4774945422128	0
12.685322568626159	2382.9635374952313	1
2.065357156928531	1807.4314191055055	0
8.286493883326262	1697.1985342675846	0
3.4966385065269643	3597.5637788654326	1
13.149689789384684	1849.7197162012405	0
13.744901729706642	985.3257101178957	0
16.026568237534114	2380.8408487661977	1
6.72152233571557	1584.1403841403285	0
7.693645128490531	3456.202976475939	1
7.278509062714239	917.2191383936824	0
2.5383571095505975	1151.9555066536757	0
9.092091839794138	2321.88750898004	0
2.128145853579758	2010.935232422038	0
16.835885699814487	509.740072348209	0
1.7876797364453108	3704.6327038334857	1
7.950996323392416	2834.5582625419406	1
5.867175487776308	3292.8190221651794	1
2.5025648130287568	4369.930612127646	1
17.403644604019675	378.88765763910044	0
5.939784543258748	4230.9669209212525	1
20.846899036713737	3186.5947128794064	1
3.041537007928458	2362.0268800083645	0
5.107081169995998	3535.53292329745	1
19.136276174632854	4406.160044633385	1
0.7896091909570497	2137.4542996744917	0
22.069710207119975	2272.9333926539566	1
22.97218843585919	3689.000997219356	1
12.920467913821753	2268.7223677444654	1
14.075367423807911	2504.5904331389465	1
10.389262536103082	1522.1456762906118	0
8.32300087701142	1849.513999362345	0
1.8284558359601926	430.61137102351347	0
9.187251860932612	2494.017704092168	1
9.160970114300852	2966.6890813413697	1
20.223312279112132	2327.096667636272	1
18.10641753054786	4087.292560441522	1
2.8397164439929137	1702.981912428076	0
18.48335782387932	3492.767354582526	1
13.029014589192718	1481.108187911489	0
19.71227248511865	2271.9620407674233	1
4.444131342163629	3879.1614666202236	1
14.58892754217981	147.97288734623777	0
4.921015770679304	3031.756906062524	1
23.863208166318035	4421.920375749848	1
9.561860196213873	2441.9493507331126	0
8.55912150759574	3743.394735395949	1
20.250066277355234	870.7160393499524	0
6.606780182836905	3338.116596895785	1
2.068518838903522	3866.621708272679	1
17.13862722187189	3708.374150584403	1
13.210471366364693	1582.1914613080696	0
13.201553362907791	1857.6506809797777	0
18.384458051422364	3947.6549547871978	1
6.295676565902847	1763.791491949749	0
1.3734068357799227	189.13560647029902	0
20.103003604339797	584.7228388899298	0
15.581802508920546	701.7888962223045	0
13.187950372428876	877.2779357501947	0
15.707432782270562	3105.339414787212	1
0.9115342871830876	3070.5784532821594	0
13.988357922161615	1631.7943707898028	0
22.505344971141305	1248.5141889366369	1
15.98338488760459	2981.10009998618	1
7.521387884761304	1848.430769412257	0
0.8823478658489758	184.45734850979352	0
16.050818716364425	3082.8213700578267	1
9.006162735661434	1300.7226253677843	0
19.65947186515148	1840.8744943913955	1
13.026537819338948	1298.263900804256	0
10.693521839105227	4476.854073931096	1
17.691860717966737	3848.4424559328295	1
6.200963641864442	1731.575667771687	0
18.460358575628177	3827.9899303456277	1
12.91549678560039	1626.3778958757134	0
19.93741425673866	3015.5658937711523	1
13.120040569827252	4051.481555176987	1
8.192295621102122	2869.2348909918405	1
6.37583851477482	1592.934284847414	0
21.05645841670171	1815.0660882465552	1
17.42025030982944	2572.6726124369034	1
5.367419335932004	2401.272646347903	0
16.332576521375934	1667.0423290625706	0
19.65558774937435	2445.0477940707246	1
22.777282359978503	3175.680908970008	1
23.166696198707648	2620.1445273296085	1
17.688299537250614	639.5968285298525	0
11.002105912624293	2105.2521380413464	0
14.634356143652234	2729.181453928633	1
13.621743710333988	897.5137429891575	0
8.330545876908754	688.8311400074751	0
14.827119682150332	2735.832466199294	1
11.996570160603433	2007.3581993045943	0
11.804100704178062	1456.8352142058477	0
22.13678074585701	4183.876156515887	1
12.520303738875189	1738.0588257223023	0
5.812287708629744	212.52851167903697	0
1.838813776583943	770.2019201575662	0
14.925917029507048	196.82805617520938	0
20.983867608008566	408.85346900673	0
22.121259044252906	3767.1870822659157	1
18.35840693762632	2949.334856603416	1
1.1040948739906646	1190.2661587522437	0
4.974327436289385	3232.7796760353585	1
9.0526888023462	2680.5664247112277	1
21.96908061136479	864.2808016628202	0
7.394876451510582	1148.062182299079	0
8.513147032492043	4027.1620200293146	1
7.934072598198802	1939.322875733221	0
11.855133247036292	3293.1028815207137	1
5.563345638807571	2937.8912402162146	1
5.205045669138349	1195.04028007804	0
16.57167750293256	4362.229085018874	1
3.5942878425279687	4286.140580050489	1
14.042153526656257	97.83573186941952	0
10.111122094096746	2654.241437529033	1
13.033229567704485	3152.8943607035417	1
19.56212853484358	1942.5008852190404	1
1.7821018411823841	2981.309092022638	0
20.14651240748295	962.5825642016072	0
17.238819135947256	1543.3243220093975	0
16.621337095320317	1850.5866278142482	1
16.264864257912922	817.1043540677516	0
20.579336876491737	1683.4797167081256	1
7.204127646392928	3731.1804000174884	1
2.613526455058996	2769.11665687369	0
13.450157682259205	2375.511807582342	1
12.90642336214882	3158.6695936777887	1
20.870615595572904	1399.4216716006895	1
16.474841440812966	489.9386061746831	0
2.0720065489259065	4402.473646270838	1
20.49066425589016	2091.713276342288	1
5.181425909539984	2215.785617181394	0
8.563843212946894	2705.557325712339	1
1.674420541213042	3115.9212571868356	0
13.675816474483504	1275.0164659446916	0
13.158666413014089	4325.81451555806	1
3.4018100655766546	4228.915970930843	1
14.471906796114293	3544.6293487402954	1
11.334987764258324	406.18121806659866	0
23.027093855213256	3469.647132794575	1
19.171470640423856	1469.621435650551	1
6.137539702498396	2256.487622055042	0
22.855234141197162	3091.3616524603503	1
16.807429022388455	2017.5457988855612	1
1.5162163762579999	3587.0304523079412	1
11.999288813424936	3311.9438170182725	1
20.72984314746476	2888.9502910246506	1
6.250626650336367	915.7115151731028	0
10.116319556017888	3920.052216367627	1
18.689954626119228	3501.1865855719684	1
4.550055900558169	542.553132715241	0
5.705234905969193	3606.2551582998835	1
20.38523754333902	3610.822277673968	1
14.560912222035235	1961.295539761727	1
21.982182439750655	610.6868110662024	0
17.048239755505747	3281.4022308317644	1
10.278274515663982	238.15785625641033	0
9.077692699244027	3175.2452125171258	1
16.238083203563036	1322.307998218494	0
0.0539982031091073	65.45208812776032	0
12.928218551751122	2020.1936082957016	0
9.1701078084856	2210.6451034598967	0
0.642605048595227	946.0141186099745	0
21.771110460241594	1391.0118922100094	1
12.051811241623088	3526.8340216478277	1
15.89427768065578	2917.2624218784276	1
12.633459738188874	753.5140452924289	0
4.33107032896245	58.757188158763405	0
12.95660968245923	677.9078860540299	0
2.8225390494146927	27.80920428725264	0
17.66708348021735	552.4330112320952	0
6.575625572667014	2561.2845687543895	0
18.50720831531712	822.656042075049	0
12.573129980697384	3015.7437305491285	1
23.12622291510262	1830.0760698131853	1
16.21505228693627	1526.5657501431065	0
19.160264644886567	4318.941591601361	1
2.501130010020331	2050.6087705409723	0
7.217534703343525	3716.9614769442182	1
18.442506198768278	310.81944174560414	0
20.410894296174884	3683.330985963841	1
14.661451056351432	3900.102387329027	1
14.617918600517026	1716.1308560937182	0
15.121703664752625	2447.0682592101152	1
20.287141010640248	394.01043125563353	0
16.76687377953856	3433.6667202728913	1
20.874698256542594	3156.111469027452	1
13.368797945097244	2742.95060149746	1
0.5071305585597674	2713.310563355532	0
6.580679347458336	284.026188762673	0
16.15813672909901	782.4862199271247	0
15.796669512725263	833.14676711289	0
12.394436703623606	3037.5335293350972	1
16.085434151119117	1727.107572040717	0
22.90214955623164	2607.7418918659037	1
11.856405696049354	263.49045584168897	0
20.5094760733777	133.1339177038422	0
19.158763267671578	3982.007543930172	1
5.435335415307376	2725.2751043252556	0
23.937369678286284	2547.5974515445087	1
20.79238754585773	1817.2941820510318	1
2.0418419755231056	797.6507267981979	0
7.1026317546917905	514.8618728706202	0
2.491273365599252	1393.0854935191967	0
22.400035249254643	725.9894192689407	0
23.057432252076012	1184.1623551766027	1
5.441115531708948	2941.5161524170308	1
16.84428084460383	1727.838324965491	1
22.468799760340126	4088.5635166918896	1
10.224086498641698	1683.7967457640816	0
14.231674012536315	218.745245721307	0
5.203367237610602	2419.6496699166532	0
23.01177537376204	580.9295684860937	0
13.381650030241898	185.4115613727547	0
9.162010162060724	1108.7764564077565	0
4.53227987186954	1022.0283764264783	0
11.044713092429856	800.2770934649574	0
17.79647859219827	711.0687701128255	0
14.732986467271557	683.3156763967312	0
5.458025010549515	3632.027059461915	1
8.359090405380014	2907.390249044072	1
5.882904313104221	1168.7206763676425	0
21.1664681715942	2939.268487500346	1
16.324398206556715	1713.7436771556181	1
16.824387919453496	3742.9965049369443	1
0.2536436261318471	399.9383341283995	0
2.9330092435633235	4181.450266706315	1
19.79236580986597	1794.7754487196473	1
6.400605122606661	1126.1183167108022	0
8.821047621207788	3086.526172938802	1
6.13322231149994	2659.239891569664	0
21.526222509923517	2202.9488407109197	1
9.107727055027343	2108.7724282419376	0
17.252753875656076	3040.809723408567	1
4.714334500592098	759.8217130295899	0
22.34425260384362	124.24141993016453	0
18.106565560909917	2421.081736497492	1
0.15376501907642393	2558.0920252924084	0
22.236677543651865	2006.2031955962962	1
15.707354162775026	3852.04640088081	1
22.87990070837499	2516.4870277633636	1
21.206720242590222	701.1856914652739	0
16.878469018817	2250.659185195622	1
8.137317093728699	3952.3828289810704	1
10.471126731347487	755.807547376024	0
23.60175562650381	4401.330764880615	1
14.86237505052734	2456.205898259119	1
15.411433711825607	3466.3075949596737	1
23.490303736821804	3345.350594101415	1
7.555628840370075	3754.448805530259	1
10.713934709620466	2532.1486315772054	1
13.02050762973278	809.1733287351733	0
1.9065441057848975	3511.645512092407	1
8.404409433224606	1712.1675987287774	0
21.617869656935028	3889.9931241069908	1
16.5632419265307	1613.8367669935335	0
18.35076778191698	4377.264335794551	1
21.52873328992036	1778.575029252141	1
17.363857890282947	2651.371821968261	1
3.8165384460521112	1615.7707944636875	0
13.917404708230375	539.7108340586152	0
22.76070329381013	2526.0166163320073	1
14.451125845761169	4265.299529046144	1
21.331441169173363	4277.682786674094	1
10.25874986862431	1393.8738764720222	0
21.727037480764732	3648.4522538306464	1
22.04979777487243	2118.1020071616013	1
16.269417446014153	2475.7284153821925	1
1.9882062770534192	781.6894657912159	0
20.161388914435243	2391.432491501701	1
17.586545939797958	3716.000134546762	1
18.027446452932345	1622.5429326362046	1
23.688194712250674	148.47436373280203	0
21.22705795994451	1399.8830901428094	1
19.515782240559727	1644.9178196153016	1
10.0058912261954	3548.885103644139	1
7.476078050216879	4101.3721878467895	1
23.715325970833444	3560.8725848452564	1
22.3275121970714	71.57598929206004	0
23.828751816647117	3197.7870861135766	1
4.3923267599924225	4080.614694369798	1
18.189576787849894	2658.83332186082	1
23.914570484504758	2521.0260658745497	1
15.652380904584284	3569.361825814066	1
1.3237672280093662	1736.7060775244634	0
8.04743446324392	810.87354591005	0
19.457042602973747	923.2417015374516	0
20.029356100533	4451.185873299902	1
1.9201300467820595	2108.5717712808087	0
19.678577754584534	3354.9573596736336	1
14.524205019057558	254.24010456437458	0
10.009143463534713	3063.6184508856536	1
20.578310583276437	3415.1691851396986	1
20.282522582438	3315.0303004992047	1
16.519234224916538	3550.3766821797362	1
10.599642054381393	3468.8056901440646	1
10.467894994155579	1949.1450160270865	0
3.9478872618013376	4264.2558738725065	1
5.928591831938017	1447.7052923727388	0
3.132655899648614	3359.2234629750974	1
12.547860160116898	2489.5673949094366	1
2.2226632760983067	390.68832876289883	0
6.30853041094041	16.04078818964172	0
15.055635460502478	734.7223089188418	0
9.909691350076598	3021.27084162896	1
10.398132172676466	4265.195716015322	1
17.431657672436113	1736.4735719733596	1
10.412745595330865	681.5939986911185	0
16.1008976721668	1195.1852100513565	0
20.898247796920966	1140.5227802826394	0
10.816972133741032	2641.5844326313945	1
15.678022202737207	3831.8179142237905	1
19.150517070350514	2198.477470094622	1
1.1956163755514444	69.99231511367715	0
23.62614886316493	3557.966903068283	1
15.27964069251848	2813.6231351616475	1
19.277097768283642	2122.5353676052623	1
2.7979414192856416	2185.9317225810987	0
13.359737848604777	1724.5182817042416	0
0.503689470665341	1828.5992012153456	0
20.139788856196567	2412.2218266867594	1
12.736537554436605	2768.734694651193	1
19.817741846603717	3249.7323662198082	1
8.251825612688283	3851.5237567045197	1
16.730446927072585	3752.712572365523	1
14.264840913037919	3256.9892456999514	1
13.748908777739437	3131.7202332880493	1
2.9717488914754027	2009.220574001887	0
3.2757179384279054	529.5627289639524	0
2.3267109304290354	2437.813391277908	0
3.510687213835765	2997.8063013427936	0
4.48041877212956	4465.324967203054	1
0.8632008050268327	1810.3447735426705	0
22.782911618005784	2588.664173144421	1
3.661617094235983	2762.4445978352887	0
13.342903345077593	670.9513862923515	0
7.93913950662091	978.5563662476238	0
14.864487140725474	3504.9377110169953	1
17.37392998678449	2112.4542498658107	1
11.986050427217155	3628.6638357383727	1
4.931522770508708	3025.4910374546653	1
18.860994780402514	94.9108250372463	0
6.014571074691819	3901.897586023183	1
2.881604244712805	2620.317352699697	0
10.06335868369063	1211.3248849209551	0
23.213491932832746	3481.0054882473355	1
1.382820976656478	4353.92703070847	1
11.346056030097666	1239.762180176863	0
20.345714910716307	2180.8835586878527	1
22.327700558757243	4125.523440623045	1
21.566917756998812	3069.1940161895022	1
12.638137452413343	4018.4483705209364	1
11.818603187661939	2355.9691586708013	1
9.655557848541466	1812.1407293502693	0
16.181938852945628	3764.7856724399276	1
4.507211779406655	4242.364789877324	1
0.24890377552138343	2384.8348455810674	0
4.314803302428706	4447.044872197123	1
1.3842240873160199	4266.741910209558	1
23.585345376004856	3732.998520538476	1
16.285112486522024	1301.4943330536062	0
7.363655512753598	50.814386659125574	0
22.65488755460201	268.7504546976266	0
11.168173767896217	2290.418788887119	1
4.44308480502088	2347.942220442569	0
17.681871606370624	2669.2032079283517	1
14.31692537758547	3592.7490773080945	1
8.766028919266592	2050.626922374819	0
7.271998319595327	779.4567725519067	0
17.588783600028865	2384.821999356757	1
7.609353065720766	4446.770419264811	1
22.30123388456928	2987.255840821019	1
9.538050561012646	4491.512143145134	1
3.2801274747620033	2163.338415975423	0
22.577542060515242	3094.6041165823217	1
22.399083581498985	2979.5423178703627	1
14.877183634175774	3845.442880825562	1
22.772174355723255	668.6907359680198	0
13.230622230097458	338.8050908678586	0
2.016713810619561	1237.1519384434566	0
9.340153067299449	1651.5479830283646	0
14.07009949739089	3251.1968509884337	1
9.38027451949503	2699.882268260562	1
6.060264247034639	3384.5092607555275	1
10.074122935848916	2852.812781155165	1
14.931021433693648	1098.9916051454604	0
10.305636695951122	2860.8808876515054	1
10.972921340896512	170.47287520716603	0
15.941309218605936	4227.755467003268	1
0.1275311285997338	3564.8422926031008	1
14.27421685923688	2171.8240551668473	1
3.0714294070762183	1169.954624122185	0
0.4561880928312121	2590.824341284569	0
18.06225001667793	603.0987672890534	0
0.6314402783332111	2029.985002372227	0
0.8214055724407503	3136.807109327292	0
5.768119019628496	2890.0417907184806	1
4.8179820091003815	438.1315845701002	0
14.675569787091263	2457.0298900814996	1
11.86491275343413	4345.532885563585	1
9.72429838972409	2002.7881890427216	0
13.31559075308056	447.0407617095579	0
9.15051993343011	4436.761788452176	1
19.08183034767442	1850.0045371678973	1
22.474434281731362	4205.483685998596	1
21.005101116891936	3258.711839192013	1
15.749280295739645	2835.6425117085996	1
13.9143272726397	1358.418515546865	0
19.734066511627944	4443.905753701056	1
15.208583227834524	3309.804412281736	1
9.546470579036033	3272.749176764252	1
17.151142365839764	77.7428098444768	0
9.389052625624371	2745.8886522598455	1
3.6023946295893694	2621.8929017399173	0
15.946858149608781	2513.6376309322222	1
4.222587126998426	3856.7507724910997	1
12.872861117941998	3785.412449745836	1
15.406450416759675	2519.272815564434	1
1.632526720975922	4150.887406933746	1
17.79471815205033	1641.7319773922447	1
23.593185124049565	979.3625991656323	1
12.929471081367574	2367.6009370988354	1
22.648440583623547	2888.2932119487305	1
11.36897782893784	2468.4746103683515	1
18.269094061913226	630.4857557319972	0
22.59561218735047	2409.895616362606	1
4.319719738737263	3378.517852068467	1
18.924946530152205	3376.856249764288	1
2.1110912068245735	2155.9896804250393	0
18.013843644273916	2610.9217604956452	1
5.2513274838756105	3623.740314601735	1
2.0674126798019525	3988.996465625075	1
20.822805575590543	5.396818525875757	0
21.622347611518087	1335.9669479038769	1
19.34347768947216	4020.131401191399	1
21.64252982631195	650.9344888828617	0
22.486871239406526	2841.0071017663454	1
10.322899608090827	1580.5824412223747	0
9.014698743505704	1454.5282087438018	0
16.386999296649968	1048.3887481064155	0
15.178159384575938	3786.633977333555	1
4.590770914661378	1729.088083739434	0
10.415298367166567	3353.107461069675	1
5.846709779225877	4203.4548618895615	1
4.815748955422564	1003.0372317018662	0
7.62031974613255	1548.9876065914596	0
2.1163942296165743	4173.977178790444	1
14.545238775141723	1438.572733964168	0
17.292504271781617	2157.083175947311	1
9.515884375517038	34.777819860445646	0
20.375024132143686	3195.503426891592	1
4.658197753699481	362.75035273289274	0
14.990336610806086	1049.1999501398816	0
6.603707436564941	2042.0512577761967	0
20.6397083531826	33.399177357208096	0
6.186040615861238	1588.5934854078628	0
20.400135612847922	2539.9711601472204	1
19.631476686056054	3427.9755492769877	1
15.585025724230688	2007.4383049443843	1
15.431226285702218	123.37457297077343	0
0.9532213453608964	4248.4258917942925	1
6.294426649941152	3042.7430404598813	1
15.072106702649517	3184.7561109722715	1
2.8588428720790224	3411.1022552095933	1
7.062964444295282	3313.040666631331	1
22.179647668325217	3024.1488681563646	1
22.38553250743775	2438.894524662755	1
3.516099965660053	1480.712360922122	0
0.7306957602332051	3251.030447085567	0
13.702061586424811	53.92460053470721	0
17.194159054586446	1841.420042641505	1
0.7942050262467513	501.57716798169923	0
5.773317620558358	4290.938389185987	1
13.22791712178985	918.6232044041519	0
21.768262389144386	1909.1693880668138	1
22.274120538508782	801.6270602180175	0
15.847453416409394	4341.321957858238	1
3.338068578865397	2267.1861000348963	0
1.63437854269376	3400.3300270716036	1
10.811301842493734	1822.4375183825127	0
20.37764586746571	2297.6283656138153	1
17.435231695297368	3518.523468165476	1
12.625066102837003	1282.671756447797	0
21.59871031370892	3305.954764827847	1
5.336560390308169	3398.9427702121557	1
8.131444224885216	1521.1027796261703	0
18.589856415857902	2769.9961084331835	1
22.436838259510875	3313.5212386042276	1
8.47818237939127	3039.388680927914	1
19.75988259432647	1920.3693448094525	1
15.50227232000826	1211.3290157051124	0
1.4028188517249438	1805.552820095024	0
23.71841508067959	1405.9255013875318	1
6.563627942576929	687.7952473402393	0
2.3710716067369946	620.0863997472242	0
4.194868956665555	3101.1853252641777	1
0.6971851312150585	279.147813919618	0
6.658290361548458	1579.3697279977557	0
16.717715276078422	723.0123296402421	0
5.382465226532758	1005.2080182580576	0
4.901418777282398	3013.731106808454	1
16.782818543324506	2809.4719217680267	1
16.10223914646176	2713.125629578237	1
5.8323929336056395	3345.1647441125874	1
12.108041158544797	3639.0021233104217	1
23.18827990968498	2015.3556889091863	1
15.682676395866501	124.50418666711826	0
17.516305607038753	2385.664371597576	1
9.231717028748776	3292.0779223778227	1
18.771698989423108	2892.096404808452	1
0.4966087373284873	2441.9719636624363	0
9.30350397624154	3243.7371723745173	1
3.5424456659014325	3566.871506237251	1
2.5042140255321277	1704.9187524376644	0
22.904131542439753	3318.576419789631	1
7.980114647904365	1819.4755566257597	0
15.671790625341329	2425.388981958256	1
12.049327486555775	3796.557254080047	1
22.968745469753948	1336.695938354584	1
21.16932728276658	3648.832122959553	1
7.416655031173506	2605.377190441635	0
1.9757058262592846	4092.0031020992637	1
17.94176310420176	990.3002558022027	0
14.77084111769317	1501.4298767443458	0
1.2502966109036366	2910.973571385872	0
17.444286531310752	3346.5188500313234	1
21.584750827270415	3575.727627839427	1
22.32788927188608	1783.6450545247676	1
3.068771315482887	3773.070901825297	1
18.728911033390563	924.9061644860801	0
2.327272555821966	2229.7619490953234	0
13.843995915637967	4136.573819546082	1
7.21616437486118	949.6824073482942	0
14.977099669308718	2464.542155505719	1
1.9156697870191683	1319.5217174159864	0
19.74641740689128	4353.193001191957	1
17.807210023933457	1942.3836440786815	1
18.60804941941005	938.126991670962	0
11.196982523758653	4072.327685473374	1
1.1991672191849467	2943.059807308959	0
9.7491285100735	3655.3913267804182	1
16.716022371662127	2530.8306041532605	1
17.1172478952983	3566.230437395827	1
8.097205858428865	168.45884933048782	0
12.166912103123884	3241.358000944843	1
14.675530985697986	1658.9933547162548	0
17.41809487884004	1467.6350349306667	0
4.031876315203887	1060.287303024733	0
6.835109833636133	2276.212163010217	0
8.446850213560626	2101.9014120832608	0
23.123168872258272	2253.527710818459	1
15.11402739096993	1868.525718318567	1
2.8479887375597057	3944.9280413616084	1
12.117862317133628	730.0960695566096	0
18.390985016835547	3723.3007959907304	1
6.1672690139415405	1151.1883667318104	0
4.471288269570344	381.91792274049016	0
22.925613530233797	3139.3510259626587	1
4.522713395961081	2618.842576929692	0
12.035923860401553	3532.7427578248426	1
0.5037532990524447	430.8308835520952	0
3.09255017139541	1418.540882717506	0
8.857294325595642	3112.2507815001727	1
23.467937154858053	376.1815612178194	0
14.052294493888303	686.3230417188037	0
16.317908133516152	2037.1687891796696	1
1.2974955247782125	3388.255560166829	1
13.370523236288623	1797.2772840959656	0
13.432891505897132	3897.0121302503517	1
1.79132679034283	2740.2876802059222	0
5.579945727901458	4412.878880703894	1
17.914895153088857	2110.3911764485692	1
2.8026596945492868	2558.3514011844018	0
13.147168446259531	2611.6960559454965	1
7.676850195788152	3307.6310129648155	1
5.7450694382369925	2847.3801397731854	0
8.390086256453687	601.6057037278699	0
17.492340736905657	1845.8560047395154	1
8.534467060169419	3056.508459672001	1
20.15223185218027	1316.7293013948088	1
8.747968313684744	392.1781338305009	0
1.9430399838920085	938.1284592206996	0
9.50688655790883	27.077853113182226	0
13.50843989362549	1240.6738315922319	0
2.190770404338232	2733.4350230023883	0
23.677684236243152	3966.2183243462046	1
19.62751314754417	2064.7264046265836	1
13.180247923729482	2073.089881571265	1
7.988495992653641	1369.4391888313244	0
12.165185510447799	1605.3460567029986	0
1.2444581139114712	1269.7046677744593	0
17.823784384419362	2262.509999801381	1
20.455169468278534	448.9394981532148	0
20.412000245771956	3150.768109074122	1
4.4902313570489625	4389.027542650743	1
23.188866269482794	3190.854746247993	1
13.788978996524548	1368.5619348383855	0
19.733233491229086	665.7343390332101	0
1.346614142851175	1506.645121094111	0
14.322275260215658	2376.05955275961	1
13.23411986930618	4032.989859992795	1
7.690108706788598	3589.081826433143	1
8.047944483442887	1268.7981810005922	0
8.371027319074898	2376.94043716585	0
0.8656725210854281	3631.3394513426906	1
10.15582333803877	1042.4687718436412	0
15.07341419659041	3196.8437046393287	1
0.49363153866529963	1071.4106007272646	0
7.861956813963954	4370.700867465767	1
21.228568841126023	335.5537422249904	0
0.1639983877893103	3028.6158813461525	0
20.465086829521542	40.85156869219247	0
20.298609487820933	2583.920842138046	1
13.360279576885592	666.0204591342514	0
0.2624649612189458	4430.608232428497	1
8.333594675596611	1005.5521905875022	0
0.5149664799688285	1116.7549650890853	0
9.097896724655516	3785.7232613912483	1
15.980444504520179	4114.54109071984	1
14.10621106850148	1188.2617999123065	0
3.9615443273499853	1540.695925797771	0
17.828081673606516	2652.2640791815124	1
19.246469416090683	523.0155159446276	0
6.991776970855309	2115.5998487820516	0
14.239886886954316	3900.24033200076	1
9.938589606573359	3453.9532568878626	1
4.199364683138418	1116.596804094244	0
3.3753511472379003	1100.7897281838182	0
13.4512765962753	3021.9073229642922	1
23.22109981236396	4499.262294143401	1
14.559832649558178	1115.6527842252272	0
20.469343354820573	4215.1765922578725	1
22.978842188365316	1527.4306781546445	1
5.207118296954761	3698.4916706445433	1
1.0990436579911158	324.79160068173366	0
7.590772051234222	1400.93342431079	0
10.571935676503514	2676.6129646523354	1
0.7554772891597317	66.10904608748147	0
15.497606510266847	3221.922206691717	1
1.7975471053984844	2340.9621329648267	0
6.749896484201744	28.199410547806337	0
22.601441200526626	2376.1434414133932	1
5.2474759681559755	2814.2366239092303	0
9.911305390748655	4152.034727280948	1
2.213768186004514	4205.593467848866	1
16.69087103704366	3658.217630552809	1
23.63502629326272	2795.859003879251	1
23.277429385863744	983.2436683726717	1
18.242073676726623	3096.7574019566655	1
9.379986391029206	4268.847878486861	1
15.027283039766159	426.262488899203	0
5.264457025724125	2755.649364457141	0
19.020414733557065	2029.1971342861495	1
13.451633185182025	1764.1400567331023	0
19.587560329952733	4415.619003573478	1
13.829299050506142	3798.530887062122	1
3.88229680962963	3122.700779800603	1
17.87100983729895	1678.555376698268	1
15.527808660155081	2128.5841868974853	1
14.287163101240042	4325.59441654482	1
4.950591591123279	4416.46746677767	1
3.5715115116881577	3144.961533779967	1
9.761373210375712	3000.487844569629	1
5.185183524295673	4456.762882295609	1
2.957350501407669	4008.877420076018	1
22.727513741756972	1069.6205291045421	1
8.668670010258474	1999.4796635092302	0
10.36860582492414	708.6306991613279	0
6.338428731698085	889.7610912655796	0
10.147275884597452	4192.027328565316	1
19.415071986783687	3065.860925280935	1
17.677149495258963	4206.84559958879	1
3.722206603381145	1945.7345524294694	0
12.508793733912386	449.5450161744137	0
15.514415432802242	3949.168358904176	1
15.386619262285821	2814.513621988348	1
20.257748651604327	2409.23860510454	1
6.449166686169131	3009.866437856386	1
3.5682680160326594	3324.8242301242612	1
18.47865601690118	2478.507995051008	1
4.010310172202587	4337.040502704945	1
3.710987770043337	2354.407625301132	0
20.814677758195252	2340.7322541148937	1
18.283476696989215	962.8999842217839	0
2.612477214270876	4483.050538529544	1
2.3998505101710412	1906.3048549067407	0
3.221783444804906	3200.3715390780835	1
15.758404370529107	3240.327584147972	1
2.90980499837962	3775.668690937012	1
14.376911895541408	3833.673908267637	1
13.455494281322235	3384.8142923262935	1
21.406326455456647	3064.8850048629156	1
3.0787778778641854	2705.895417135578	0
19.342561084968768	2803.2586385840145	1
21.02365901102253	1549.9473777632604	1
17.499850880893263	1572.0037215794534	0
12.477603828629697	2075.4937501918703	0
8.784228496401163	1690.660732331633	0
21.679863695737513	1286.597509465919	1
17.169170513478655	1156.1440532895047	0
15.99389389771547	3666.0394803707904	1
16.204483421111657	2022.7017159658567	1
6.309133786074453	1082.0157808034915	0
19.996233608791588	3852.074905548868	1
13.25287604319099	711.0781452527964	0
3.59779300899568	132.76864254508502	0
15.497568042094187	4267.2038787752945	1
10.927502692059075	591.5095579862161	0
3.446477463029227	2375.869933390908	0
11.169594719610584	3234.6057877815597	1
22.448280483496657	3570.052613116533	1
7.38033345890459	2705.4459586644653	1
12.3679718765606	1499.888645834635	0
23.008617162568175	4161.048664176043	1
13.119041741616737	3439.022856293409	1
7.230238149429841	562.2334144140557	0
18.003276921607565	707.4891948232463	0
20.5542857483097	3632.381958940317	1
16.954605495694295	954.6356476514665	0
2.966603333448573	144.07574667437095	0
10.272587259576643	2470.3236575722317	1
4.047137753013533	335.00941742902853	0
0.037992411845770846	2542.8485210852978	0
16.986844819314676	2777.2170665194967	1
0.4778829709547354	4281.09566606959	1
8.379877530889942	2632.411630580705	1
18.674914542519097	836.0772213671963	0
3.2128346424789074	4342.556648376046	1
3.7905039466253454	4147.76906577646	1
0.15557538314567054	2523.1470366987332	0
8.764278036691637	3377.1439810586658	1
14.801158711277557	3564.170904698159	1
10.803739702987366	2848.862364524688	1
6.734028477816648	1421.9348792774974	0
1.5909590126664668	1787.140602857839	0
2.3782309356833142	29.777276208059757	0
4.810355073848322	2635.672806118791	0
21.76048703810617	2892.841110516319	1
18.895877225110333	2078.357378038786	1
2.5010236969651958	3531.023034730102	1
1.1948303503120092	823.9483068040078	0
17.690376350226146	979.838032242935	0
20.862500492838308	3187.7736459666576	1
8.058766876593513	215.6670764335596	0
1.950527372870761	2209.1352016009187	0
7.975810056968695	3134.6726805645267	1
6.903202169203954	2443.8020886956156	0
20.416762489626958	1276.6193454316576	1
11.0682833080058	2473.3287387903824	1
13.525581270014506	3422.865788562663	1
1.7888059891873915	4148.308065054745	1
18.255429084258807	3079.12854936663	1
16.42551373742435	3918.7398328454915	1
15.750026229949103	1254.784089711863	0
21.58971170345652	892.9474433425219	0
12.608947339928367	4221.180727410952	1
3.6486542420216015	677.1256650307021	0
17.204886825662644	2442.0831149416454	1
7.819293619908574	1976.378685864011	0
7.721438312028476	3180.723739265843	1
6.673699804116841	1769.822790181119	0
0.5879913241338803	4489.244746088168	1
0.11207723552276239	3770.3706564078334	1
6.777467182407478	3951.434966186747	1
3.103795578920727	873.6577519708397	0
13.772425912430212	2047.7149273657058	1
12.10353474189196	3485.7527116936476	1
9.37199214642702	2161.977532973652	0
6.248276045485411	4058.7722638376936	1
8.937572245438947	2874.9723119767937	1
5.665591560599088	3572.798287732385	1
22.679696420645865	2811.9464910166566	1
2.0238814530814127	1230.2599246909965	0
19.343267447454664	741.0995089913142	0
22.717676517539658	1748.1589625912593	1
23.067716804854307	1357.1548201779415	1
12.26521534305289	2149.3426463644496	0
0.3221528259375708	3674.0292268232147	1
22.58684968029642	2273.1470595356864	1
11.433002748043451	3615.7405909469185	1
13.631479797941157	138.68885720106982	0
1.7461575632299882	358.60515413352164	0
15.32844456436934	3036.472750646781	1
13.86637029095526	477.6806094009461	0
3.645770778063161	1846.5683152348452	0
12.281243039614747	3009.7802153732623	1
12.301997566881777	935.8412951491442	0
17.524012083534604	2314.7998435175814	1
4.5935776509436	511.93320118632096	0
23.594736413278714	2065.5596143653106	1
