9.000358214123548	3807.7403056427424	1
14.458484669711638	205.04898414426387	0
4.996232098684486	3085.2986454472166	1
0.09612823836909179	2733.753233091575	0
2.2050053420137017	3335.969519280576	1
10.454097393552361	2090.6305562769235	0
23.320828647791593	1620.89750110862	1
20.919173940791982	3511.027005849538	1
12.618476172739697	2419.9680736447153	1
11.58621314744393	3029.4631463266455	1
11.25797342391083	1134.615419462706	0
21.837162627866448	2137.2715826459153	1
12.427276216574864	2822.6235562897004	1
10.93299271441366	3884.0125233859526	1
5.38451857529953	1166.328847713311	0
10.508104647023188	1416.6009774461693	0
1.5706751323827248	3167.512769760693	0
8.190337685765352	3690.532458449938	1
13.405709549301669	1454.8491646933178	0
2.2112407456409375	1943.820280270358	0
21.295608584488534	3441.009683117522	1
0.5434567714513028	2299.5853014745817	0
23.03157157733851	825.3237040889147	0
18.815103171892076	4292.501661546581	1
2.826513051155395	4257.954390159755	1
3.585136102064321	160.48247993561054	0
5.322963823880296	3883.175016605018	1
20.13909106718811	3788.9928674836215	1
9.921805836537853	2853.4828230629532	1
22.79535570579633	36.65740568114162	0
15.155762695956899	4464.356625216361	1
11.484557152825467	4388.94555058774	1
17.517409403251662	4297.918038444509	1
10.364687793045226	863.8362424027399	0
0.9480042790667378	3026.23350966086	0
3.3749346853363598	2714.7567124060624	0
2.236060552811753	449.54421446664105	0
5.9666631005129585	1559.3479141905486	0
0.5083786509748043	3976.593788221657	1
1.0214013605929537	978.1986055834523	0
15.701967187498592	10.437436297862867	0
11.739911500151555	1426.9688595528087	0
20.48365810474069	1820.1270400986575	1
4.154812987491643	270.63015385375013	0
23.56370757749792	992.7324435909724	1
6.968185614117258	2615.6639423287866	0
1.4031173333256435	253.2780927687097	0
5.849182636721671	4377.470974320314	1
9.536252645906892	3061.8543573921083	1
5.455418021899669	2934.6018433938657	1
11.602318195000496	158.19499446496576	0
9.052677887461124	4197.7095184462305	1
4.978942604914046	4310.752832594189	1
2.246748968128962	264.03840923325686	0
5.361805338649738	3700.086754059258	1
23.408982949751984	4155.112103890144	1
18.203679906564595	3687.0828974455353	1
0.19675943357370684	409.9841558711327	0
15.88695403660925	4009.2122581034755	1
6.061853181675892	488.64792637217187	0
10.943789667941704	372.28523571418054	0
0.3454357318108707	3520.9559731919953	1
20.27582401981045	4441.0966094107725	1
4.592260256981963	1122.5994912300546	0
13.512576260682259	1373.4193390147852	0
14.756317328356195	464.27975539987335	0
16.83279615094847	3183.227389631072	1
5.734752852748638	1889.5352423530787	0
20.014353321330603	2073.0700462237223	1
18.856282371600415	1901.2693765004067	1
5.279019143738286	2325.1205663457954	0
11.16247880632962	2245.4841972874096	0
11.345280534003592	2711.285128990211	1
18.774989418535966	714.7163296103878	0
22.09972243669792	823.7787754846669	0
23.58089767849578	1155.4544374828943	1
17.34034149734635	1250.6868912344466	0
14.06651131292764	1315.2433860614315	0
17.725863246227963	1154.478965279603	0
9.579051301285832	1413.5498823973012	0
5.766713840452188	2069.130071276415	0
14.845861129298502	3239.0061771719475	1
18.41334545651306	2258.6979907810996	1
9.917157328737597	1630.3196076722004	0
17.006204461256125	3884.3956487596147	1
7.42306943216669	1575.7023989972688	0
13.73872202224214	1583.7474258488155	0
17.247460295078692	3651.2740226765836	1
15.015043347618928	379.7502637609279	0
12.819420325727194	365.6339679174718	0
15.94680964908892	1220.34426018913	0
14.374413120927557	1319.5923878983328	0
2.8708805552442147	698.1889496982856	0
12.387334047265131	805.3309159609821	0
3.835276700181282	974.2552621532898	0
12.280989889328023	669.8500399873938	0
17.460726116499774	2734.634074549088	1
19.543487583018504	760.8734612380953	0
1.2437474620582218	1704.88200225346	0
3.3715156062800054	2075.9532701227663	0
5.910533221681139	3573.041459300553	1
15.935434563053992	1798.4418692822273	1
17.807184473157797	2439.144483200926	1
23.418229516406242	1964.5962319881692	1
2.5199945742828387	622.9594993001393	0
1.9433463681573961	3320.933914150304	1
21.019524445643626	1976.7427720520543	1
12.278541571070726	2680.1423875561063	1
4.949463599883442	2606.671817247963	0
1.7478463847114138	4357.382891268991	1
18.389956709372658	592.0149450093935	0
7.304414774643104	4288.977019278939	1
2.606921569108162	3239.370366270327	1
0.5044980248645352	1411.484317152323	0
11.06394577681581	3063.7650166036874	1
12.396630530682323	3403.0852040310424	1
16.762608395083646	4262.913472511631	1
14.675269904208543	4251.535840910303	1
14.21423934031694	2707.2551330153988	1
2.594810471448249	4076.4566513192053	1
2.5482280176614713	3035.8218613491053	0
8.043324765325654	949.3904660548699	0
10.62767069220086	923.4298983747926	0
19.6150534524281	819.8168487178169	0
7.527911446900203	1709.3293583028837	0
10.27457103033467	2535.5950204381334	1
5.245656233918703	2838.751292193399	0
13.715120756588522	3457.6328152553915	1
18.439939860231366	689.8327724671346	0
16.028606960620888	4425.913914960539	1
5.856567565184842	2331.5184193068535	0
7.3085820975209845	4125.935941234816	1
2.340058383542625	1436.4241934696324	0
21.90253153740315	1423.544452697573	1
13.303869414974432	1726.2091083390637	0
16.066006475427912	4453.747982657085	1
7.786593875603785	4422.077940271779	1
3.2677513056454446	4030.171853574329	1
22.996343855722632	665.6186189069252	0
3.892373732403425	4177.9407413718145	1
16.96519386935012	3664.830957392397	1
6.689169940792358	1196.006410646622	0
11.763887504642037	4348.54848911747	1
22.82470093829196	1905.7151441120136	1
12.895028593369048	2352.89401854691	1
0.19573504939618314	2706.244831224505	0
3.5917988182846106	2369.357213328232	0
2.883498490775147	354.8740988486302	0
12.153354231391878	2274.0762373858875	1
2.5710638300277546	3654.069899219937	1
1.264761312692655	1074.385466994826	0
11.48320512860531	2058.5681963383204	0
21.40576760612692	513.9121674995018	0
3.029174044857812	2564.387253740805	0
2.692273529539764	2450.7584184457633	0
14.468616197035866	2260.839696098914	1
23.914030774160736	447.28633814661913	0
1.9522524688413458	3146.407625324511	0
18.284796144044257	1413.1665120799587	0
10.924834948696796	812.1189254341848	0
13.391996382748758	1844.2878781536294	0
1.3669139397348538	1219.7407923332087	0
16.71800578069948	3472.2891484220568	1
17.789430911093817	4455.187917179558	1
12.731084495085652	2770.2026175302817	1
14.598014731203953	1320.0982756175054	0
6.434986659111362	3276.0321013037233	1
0.03664429503897537	170.59875737968787	0
15.287003406540684	825.2421068544131	0
23.54001792944097	5.4986798518762425	0
3.665718458300983	2995.0942133729873	0
16.58882699915604	2518.3499682483566	1
5.210078437347366	1437.9742323830874	0
22.630880878648824	2678.4996183693497	1
6.095412819149959	3991.960778493012	1
10.493264184282015	2099.096175461023	0
10.286008104104088	2264.4093888537495	0
15.294809951603014	106.70853805467235	0
20.42988052408197	2859.1415785524155	1
21.39045539740756	1417.9517902842806	1
8.054295970308576	1267.3925301545219	0
5.362271792094234	2669.4139308877448	0
14.612414150351285	89.23262190421278	0
18.443965423958936	1195.9983469431907	0
9.966886983145272	1382.937395794318	0
11.005131401784082	1301.7401370274338	0
6.891780926375064	185.45092683976333	0
17.87863329148471	3681.0587396973065	1
5.938296201905956	1649.9401921861047	0
16.637957783749417	3323.6756901673452	1
18.995965285492346	1265.1950650819665	0
6.52274350447267	1475.6849358896723	0
9.821019829376409	4217.49664811898	1
1.6143487702311257	4498.413016909368	1
22.99159591534774	2553.785705927072	1
16.466450229607155	1338.6643473344448	0
17.155101862461756	1116.062723179379	0
6.6530155323133595	4045.7810200456074	1
0.9076240560331401	4106.90251766385	1
22.579989413670877	2519.860982898039	1
11.829401593548901	2016.269846172096	0
1.8308159469804437	2365.1660752394237	0
15.963042170266352	3562.8780478345484	1
15.36198141870239	393.3170321698816	0
9.926714420976765	1700.6689624857363	0
9.70079083553344	3553.260404154582	1
4.085834243817535	392.5560421553038	0
7.318805820125266	1133.0828623485966	0
4.687406634272499	3400.623312816191	1
4.630351085013237	1091.928558367365	0
12.305604234272595	3703.8441488772314	1
5.709549460422131	4105.386989824609	1
16.578261644250528	4105.515781728852	1
6.434039195936558	3251.03891752155	1
12.618716264102263	430.3913264779613	0
20.545879128422072	4134.84751274628	1
4.410045080344553	636.3299194980619	0
21.617805726696727	3502.0017606989513	1
20.278040375639765	1899.8728160388316	1
21.556972640983965	285.7638231509304	0
8.084889611848705	4208.244061011197	1
22.987917538144654	1000.5640315094469	1
19.41292516237855	2942.9980395520747	1
16.56677711202945	2607.6874829703925	1
10.811355686648756	2492.249233658515	1
16.235906561850314	4086.1439250537433	1
8.68821438589801	2154.602263155245	0
18.026392740920805	441.8195942855447	0
19.520206206219772	2653.534336508159	1
5.744525824698001	1258.2706764517359	0
23.421597024383658	3656.2859025519574	1
13.27105007903937	1754.6903733063068	0
19.19703208964006	297.96637284831513	0
13.642458964507359	2169.2954765902205	1
20.80198150200766	3792.229855084381	1
14.06029034131972	966.122346887134	0
12.144706355472891	2789.6788746871753	1
4.465797787075673	46.554405644080255	0
18.325691868710074	2175.523780284517	1
23.520387078184058	2980.923978630981	1
2.061755735693029	3676.4765246802967	1
11.65027949692524	2612.2984966970084	1
22.109944608568206	3070.504732159119	1
17.14679635683815	3106.3964359159695	1
19.70649821752609	991.174433760851	0
13.775590587202458	4407.015922835164	1
12.163026492615359	2049.269377381157	0
17.13175584352616	3464.6793567776535	1
21.02041065420663	2529.587559604042	1
1.7313675813778504	3592.6972259183026	1
20.794113399165703	994.4759590140774	0
5.154379857729873	1.7427975314344146	0
22.57414011459674	3804.967423359836	1
12.77954741191692	3949.093685683547	1
21.441363900114535	1657.1533293554203	1
20.477954253439336	3175.4739700111754	1
13.628504389805396	2194.0017428572946	1
21.081595520840487	955.758784426568	0
18.396443681701623	4028.582612272204	1
19.9938995810478	1832.8782608488107	1
18.028133707377258	1021.2273705340332	0
22.646104591126452	2267.783578385321	1
21.135687213710924	1821.417833371393	1
2.4528150533164164	2955.4314552371166	0
21.236475384037927	2870.1114056499023	1
9.882758102735657	2422.510816741882	1
14.680335130800282	629.2034457759953	0
16.1862819809648	1131.8310671245679	0
1.4304525998225106	4312.892200183448	1
9.883787874256612	4369.949365114942	1
18.84476149180267	1672.579917830005	1
4.155455789733752	620.154322554917	0
8.034255235000895	3415.6237154897403	1
13.8369523086862	1001.8140892893524	0
16.49061371217633	2243.7724907412085	1
1.5501465724381278	1972.0746597672364	0
1.001588436614174	3732.1511754961416	1
23.9988057038006	925.4181066795161	1
9.965514626266469	2578.072264468245	1
12.81516593163463	3320.8170491885526	1
22.816859585299333	1415.3674234794184	1
8.481250281354328	102.69406328308727	0
0.9518136062477742	2187.3392621002963	0
17.358377427070238	853.0278841915119	0
6.225140478415034	1827.1455692464376	0
23.91394654753782	3314.8820818419085	1
1.4022263802840467	1297.8175745421795	0
4.279290421817684	355.2664760786931	0
9.331829502584242	1361.1404306559361	0
13.38350979540969	2342.230226238678	1
13.41994051884366	2086.829558134142	1
0.286298812242606	4481.649888041503	1
10.845054140038341	2544.036624510015	1
16.739992149056093	3285.0898729918645	1
15.931953502742823	2039.4769847638354	1
18.268987144673332	752.4240676827923	0
13.598405020428807	522.7615926552517	0
4.151692992936971	2347.576593099357	0
2.1308710914142273	2672.456614354521	0
4.199386209706282	2092.723017496312	0
0.40632385182556785	2561.6526563186953	0
12.466072645327447	4188.931244111306	1
18.82850455209078	3589.487891733211	1
21.03721587097213	3078.4483304322216	1
5.20243964175753	201.36300818067926	0
11.344333289901915	1304.9839326779618	0
23.25182725983568	894.5267332166941	0
13.038421819988699	725.7593480250958	0
9.770725860957162	3502.0564076403857	1
6.049275097236301	1102.7390855888777	0
3.667586898238272	1053.365363144341	0
20.382894590313807	3461.7155331231675	1
18.48863279670905	235.86781459182004	0
22.537607129183705	28.922193162179976	0
1.5486678013469515	3962.148041367167	1
19.049980945216518	1746.0783973381888	1
20.524225408299568	1252.5387190080357	1
7.757281083171034	3800.695214672621	1
15.194531479548939	161.20066867336908	0
2.8262193674107836	1388.613429262929	0
19.7659528048679	3006.1924105532757	1
2.0281679325521393	2709.017214289303	0
4.257314211344779	2681.5461504075047	0
10.046912335689466	3552.0292615650505	1
14.647787266392324	3469.7751054311475	1
19.909630368549006	1084.6980089957433	0
6.533641974357877	995.4929104735601	0
11.98715893879324	556.7841604545698	0
11.908635685619405	1349.4363486010297	0
3.4486560547098923	3278.3935188847136	1
14.252281067741574	3495.6286419143225	1
21.908251447442993	3419.786499650693	1
4.482469302205211	3350.9215723989705	1
13.238099083283803	3570.41514479533	1
7.972029605460671	1026.2645666366564	0
1.145342313713754	166.76903638820755	0
23.185697540745647	4234.145759600369	1
22.173679188426895	2542.683288551929	1
21.030735751560115	2991.2761338507776	1
17.998365100551624	947.3331191310211	0
6.9740523760986575	774.4862228447538	0
2.010243963983095	1849.1961281845274	0
9.981615526093357	4213.589345068471	1
12.772399338310255	220.15196401721926	0
11.522018333757714	173.28177313054	0
22.712039116113832	3400.584007486039	1
23.599990305554346	4397.412390320728	1
21.666940684722057	1449.825814310195	1
22.291625259617227	31.10376585207808	0
12.594803500424632	2285.6467003441935	1
10.859917635789841	348.93794879439446	0
16.567939108585296	3290.5909644372678	1
4.565125177734551	4211.900459370576	1
1.6214437047393355	2468.0520139435766	0
21.477586359013152	2710.973376337943	1
12.25508954286164	4286.597685651695	1
4.822135310046753	1023.7636717701896	0
11.827731666756724	335.34415367255156	0
13.482093779283762	454.6261020784757	0
20.736116481357882	2211.8611759279006	1
23.283607426064016	4490.656304285218	1
9.308949009047865	1329.2318159012	0
21.054468871831446	1631.8405471270262	1
16.15633179390592	2299.3319823501483	1
18.88312567811967	3296.520149679616	1
20.151985212348965	2149.017139000857	1
15.133434844847848	3192.396462689314	1
13.115846790188936	300.4134796141814	0
11.380136099636093	2206.5906725398495	0
7.911224629055992	1754.4463291484801	0
11.5015443513104	435.66510494182717	0
9.348896810076667	15.988887920132644	0
9.262841619142666	3995.6579647757358	1
9.929380380297362	280.191975152669	0
8.993001499781016	3965.815116655918	1
10.811300087524122	3745.674282234242	1
18.6322723689687	3947.61760325794	1
20.54331883678174	2027.5014674146385	1
20.558388086715446	3062.960931231221	1
21.837371737932695	2593.234080885732	1
11.345454469127187	3056.5691069014415	1
1.423059372161024	1420.0040614298666	0
13.614533150299765	366.9670556253204	0
1.3839025960494116	3075.6625842563253	0
8.932011189061708	1664.6298201830737	0
11.011178892698492	114.37526522795399	0
2.2138808120251516	90.12597327557454	0
22.923755722066225	13.380217402988336	0
8.604991416080134	49.01380381345405	0
12.926395798362325	2353.6594108452437	1
3.763199815182576	2175.8283679329975	0
16.552126575206945	1690.264481027628	1
3.5700560700677126	4335.5604371136105	1
6.142766995678245	1758.599343667413	0
13.677550731093348	1841.993502908007	0
1.4097501770214418	2969.7871624793447	0
15.726343208269196	2725.022811121212	1
17.702490443106928	672.9790931831118	0
21.9522959677396	3808.3084358927863	1
16.92244450083254	1573.5382710376396	0
17.705028265535457	2085.1291877772696	1
19.78755555523984	1201.5143866070712	0
5.578398793736941	3309.483766149305	1
6.287281013906464	1981.2328140518584	0
8.55465814690874	1820.4304543445514	0
4.5925168493069	697.9642651827976	0
4.517533640001973	15.979645198272774	0
22.380922076226952	336.1603848927117	0
7.664594659595614	2579.565980142297	0
8.773643202596043	2564.6512877353707	1
10.872002955788833	153.62929883546283	0
10.990968210530603	1954.9890648447606	0
4.933238525036052	1014.3828297722498	0
5.907759444997442	4034.6594494017068	1
7.510742374730589	1411.0989897087086	0
6.308308279550541	1001.5343287440456	0
3.6786668829044773	3585.4324079977932	1
20.14502471409118	1119.5895560057506	0
1.7758848821623952	169.88933922146398	0
4.204159027595309	4402.746402783874	1
6.657695209232428	4080.2132526377936	1
4.132625718508106	2103.8269365566157	0
18.91007473331376	380.3809611335452	0
6.963550614365251	2822.74122789241	1
1.2370741950809068	387.913014292394	0
22.354051494972225	673.34300866035	0
10.437035050124905	3071.5996915520655	1
11.110712902271278	96.21375024395267	0
1.422920934563785	1806.588624274078	0
15.156517628686796	597.4610567375871	0
15.435620982485727	2239.8660971437075	1
17.14428580505127	3597.586744711423	1
14.916619044231213	360.338678089498	0
22.453737591324014	1313.4667495544315	1
8.691445290571448	3317.4059996787687	1
9.94998697707549	2494.6835288813095	1
1.6079522804281394	1968.596209520809	0
20.80844167577117	2950.2743778504255	1
15.537160496242496	4135.254753155031	1
23.54925553424317	718.865613348747	0
12.741767889176506	3717.1374817442274	1
8.879817688905872	2105.4667625055245	0
11.883660120249829	2582.290522998952	1
17.868926145520078	1664.1297087476821	1
12.64216942365821	41.09131565078622	0
18.224301478315645	3600.892086723937	1
8.34104600491515	1061.3334954276838	0
1.2318770017661276	460.6578175238535	0
6.344351128111234	251.1081533213354	0
6.138496091386624	4139.1477871360285	1
0.6654863517686316	1649.9055650648245	0
18.006095167472473	2201.56546728493	1
15.186194375378053	2786.126455153964	1
20.82311591645619	4426.766317479619	1
9.318513605939799	2737.607191684232	1
4.999840938773616	1804.156859040258	0
14.70665755885902	259.0940986620085	0
15.515421704450397	3622.718668140906	1
16.389456756095875	1749.3163995379434	1
6.444113828042511	1658.156126814732	0
1.7873394090942316	3701.731627654288	1
11.251677821343339	3840.893018995054	1
11.30184387506652	1942.2720979230546	0
15.556800148012563	868.7300222149896	0
21.79089764680215	2883.7674851134234	1
8.844680918105896	2288.7963114535346	0
15.00094706752539	449.3539154536984	0
0.5232561378549923	3640.7417528707015	1
16.310564958705534	1850.8762664682845	1
6.3992702766885925	4110.166057436087	1
18.179766215386497	2598.227950349575	1
10.018072919392958	1283.4395332684765	0
20.78091990471771	2793.0201570940826	1
19.33048612892358	1184.1161464119864	0
15.048435857183412	3420.547576809697	1
7.612164390019936	289.5317832151878	0
13.926773991943062	1858.045135436664	0
12.995043378164565	1877.2262858434142	0
4.538177678228369	2903.9840336296966	0
20.895855461977582	1270.6960583994332	1
20.610692340241883	2247.036500392295	1
16.80080044882907	175.32771223316507	0
9.435190191055591	2273.9042309258202	0
14.916989957508463	9.688733976691843	0
20.65364586003668	3712.235850530948	1
10.984416689850047	3493.7350055713114	1
16.057212618714466	792.1264570878329	0
17.83757254134568	2322.661314606651	1
1.508988993850875	110.54006346334533	0
7.373818734584805	300.2833372464709	0
19.664264577642584	239.1128244259923	0
17.805544263092294	2243.567945916107	1
17.229190857342047	3140.264115653401	1
13.00341351692375	2827.875442153977	1
23.83821038497278	4390.349451498521	1
15.970650322533304	1716.2676287489721	0
22.654975406049672	2504.2867029081945	1
11.183000725577111	3808.165471580733	1
18.120628832455722	3027.420813449329	1
21.364942347401538	1244.0948653531746	1
6.52931872068519	1296.5853851876357	0
