11.986240532929088	3704.3507592873752	1
17.045010164529785	461.3146966730201	0
23.3609170617269	40.521118560032264	0
3.139374660666232	881.9027102116981	0
15.453727194928396	3195.7460999604777	1
6.272081648370184	2928.3070026557666	1
2.078460696798457	4085.1610668929743	1
16.385444753144398	3193.5916057739587	1
5.328692830022851	2367.9460718323107	0
11.999175970572065	3139.2629105187507	1
12.257648103873567	3661.482443137049	1
21.239562729939585	277.04809302674863	0
4.944646693307954	2555.041527444394	0
1.461321469143111	1738.510351421284	0
4.064259169858484	1921.6412456230344	0
15.80307384383713	1990.2424933986758	1
16.51255320467651	1308.348204792462	0
1.6680588603941322	4002.373044061808	1
8.068116707315646	3560.439371971043	1
14.22304404948122	257.58043847996214	0
18.058633515506695	4165.078253164297	1
11.070849431668128	2859.7443453667506	1
23.595064581454512	1791.4775208877377	1
22.44595284105958	3984.987829639422	1
14.400123956206546	758.3824871006886	0
3.761761560764997	745.8112930784382	0
23.155873248347632	1464.9143263208023	1
16.129545133112668	1035.20818033206	0
18.107369121824657	1011.0197318513724	0
18.02249393505183	4426.443609704339	1
4.685654261432828	3267.333170349365	1
16.784579015144985	4088.0816385854328	1
21.610791614118497	4070.548933580347	1
19.70904204929867	3109.716045099248	1
8.505879039171072	2380.8648621838506	0
3.8386710918617544	553.4714438970323	0
1.215907897011033	3831.0890486459557	1
15.235938063428122	4380.244540712209	1
2.5886324565354686	3982.183599804701	1
13.615456045898089	3946.2585624323137	1
15.267760730306872	2263.78505865482	1
21.254789497342703	1018.1512402653793	0
11.657762481691933	1885.3624058808102	0
1.856903716397178	420.05109542733237	0
11.60653348177032	1780.7131321265263	0
2.754878782243897	3203.853799338923	1
6.37979990160131	619.0156229694301	0
6.4570929341424685	4040.8609982151042	1
9.042463038882268	2474.1110095415966	0
23.493637830748064	2186.026597552146	1
23.99886594535408	2841.7535505297856	1
7.718442246382017	3908.1654189702554	1
11.05908561412243	1325.6867924542548	0
2.69534872707786	23.72668381796611	0
14.999447880298288	2367.0660378636835	1
22.09640597417998	2294.827984217595	1
7.473602856755147	1293.9498108021344	0
17.25210638258018	3424.5835559571365	1
15.383076815162106	901.4083630339763	0
3.083148562002383	2390.2586214562184	0
15.216663431213115	3316.963107344665	1
5.714828338896397	2740.4473021595586	0
7.063547582672095	1716.0414721686457	0
17.433565111367024	858.22007317433	0
15.056624631042006	1413.3869703442022	0
15.096653000768258	2522.9836781360495	1
7.987655220173433	864.3773813590342	0
10.359057569147513	4478.661593508295	1
2.561279590799735	3228.3332649244126	1
18.30812298246765	2819.967391515999	1
12.546402544985057	1164.3059604146251	0
0.8392481428324601	1266.9157966438984	0
12.441701270627377	1631.4632617905477	0
3.474227448618591	430.33265307610077	0
3.5361042034203214	1595.2339121507719	0
4.162515085387161	1680.3280500145115	0
21.210690449844265	3163.8990850219648	1
7.087574892219916	3965.6549510109544	1
15.049768185178733	3771.6388168519843	1
13.468514282750736	2239.955457849533	1
14.915952690579662	2887.4323559714176	1
15.370798220705492	1389.1060442541059	0
2.643840496833346	3379.9098137633728	1
9.41454118381001	3733.0142241187896	1
2.8195207507051867	1125.0504922265034	0
11.503489935620218	3848.342744898277	1
8.262504792995605	1912.3764794195567	0
14.398495767712195	497.6332802714761	0
15.340597931730567	3979.8849564230895	1
5.316184027135435	3632.6508582846286	1
14.181911405633514	2647.2958968449216	1
18.254259978752657	577.5619876426417	0
7.644837218202459	1262.9314446230594	0
20.42707818550778	1262.5607203557304	1
6.286424516305882	3555.497905750104	1
17.345411395872063	503.12486421754693	0
8.217760117170387	62.14997409999234	0
22.391731309848247	3053.7284078499597	1
21.800729836374	3555.6816316904897	1
21.41980711274844	3697.5103423696814	1
23.370762104272757	2253.7225631913857	1
12.191196646735891	2834.3309405849304	1
17.90298401887933	4061.4790909230187	1
16.905206085680668	897.7797987138015	0
23.772912212081437	3908.072523716949	1
17.28554267890214	4469.748516369746	1
3.108812877325506	282.23476360753034	0
3.4496002737616944	732.746032299578	0
7.632463322673437	3614.8440407435232	1
15.420525753572925	2143.8163120061895	1
11.70411782768976	699.6739451732894	0
5.511247763861006	827.5958241319718	0
4.049692637565591	1521.2890884364872	0
15.43528403499057	3924.198574380677	1
4.19255373864098	2467.391326609304	0
11.50139206068901	353.6866782105889	0
19.353805973574826	2534.960409331065	1
19.535675795182495	4137.527414792255	1
21.56153906825256	2153.839440433752	1
4.286195397579178	1491.8102890272555	0
21.436731929270795	3789.31358173786	1
21.16289884611217	2633.986296207608	1
9.031349569183693	90.30827865188107	0
2.5411112415142174	446.8840237666978	0
13.974892528656252	3985.0322928471464	1
13.202962326063947	3541.2889035721087	1
16.290893028451467	3868.5219895352257	1
20.22055980697983	2170.3930254072447	1
19.060153720798198	2306.621204197458	1
21.336537671027557	3775.737604568554	1
3.3778070933233737	1102.6543775233738	0
21.334243234503205	1252.4551434033742	1
14.470574468328955	2626.7425677089304	1
14.980921737891434	1527.6088768344396	0
12.597616438416306	3516.319580712133	1
14.5022974093202	861.3701870588914	0
1.0437197372214628	3185.9031478913	0
4.119259379351979	2328.7398960640785	0
12.82348210683432	1455.743040273676	0
0.7952181745563456	2868.91225215264	0
15.368623244340704	1323.957029742487	0
22.578533049257047	1253.6157414874622	1
22.21966700032741	539.3893414943849	0
17.850459842714876	2053.944669709199	1
6.7754419173033815	1458.1924377706594	0
13.118173416298983	3166.460887052639	1
19.60452982613442	1092.6450984783582	0
2.8903197182444513	4397.350100458225	1
23.819967277038526	3280.7301405437024	1
7.268949122370896	1740.0394503017865	0
7.649199840336938	700.8285958955232	0
6.292654677062764	2672.9822347988593	0
22.21042476596694	1194.8500065235896	1
22.108989489326255	1223.1554021579211	1
2.6305491524891282	1300.7321837001443	0
4.035373018243698	4419.491007575618	1
6.706208145081799	4031.5518747595247	1
4.760128675975361	2866.4289709543964	0
20.17413852189893	584.976080102248	0
17.783289953754927	3992.927738804816	1
11.745582077327178	3587.5364854543495	1
4.11748633678473	1631.1391585737217	0
8.9924078254226	1502.797443911102	0
10.762471697239409	294.65391107155597	0
8.793959942720178	3580.829096810867	1
18.55079889648015	903.0890501442135	0
10.439325263320168	2082.0007581278874	0
20.90887380843587	1048.4437247162225	0
17.738541804792366	2587.538235896068	1
8.744359590696483	3093.203178963738	1
7.371189586464274	2764.8826588866154	1
6.022151556245767	3778.3532884994297	1
13.070220251649955	2090.7379793573814	1
17.840663756217424	2151.4249237138506	1
17.260133680396226	3601.3416264070547	1
9.788396083595526	1640.08700111711	0
22.116802467192414	3166.460347296387	1
0.12070822362709599	1147.8762642977445	0
12.784570326770158	3756.221197356476	1
6.67422995929725	4285.27694694236	1
3.2920458938125874	4341.332693667307	1
3.9087278061824664	3679.445816188896	1
22.961115262050296	1734.6628445726096	1
3.662186608235692	311.2687114247558	0
21.517979543035047	943.8072071252946	0
16.78558316938518	1180.4846434285519	0
15.919340308621143	3662.0339166637623	1
22.590004629258736	3936.8169071136076	1
17.657196929355628	3440.9786829944396	1
7.800447218017274	2471.570726901991	0
20.217946004407825	1522.2404107304417	1
13.824344616297308	3447.103779538402	1
11.871261740967649	4175.092102655331	1
5.803946657096096	126.88912890245085	0
15.070059896914698	2114.807123757882	1
22.27038811888771	4288.848775271925	1
16.146415002464277	1144.1283287647711	0
16.056620442653134	2062.6382810495033	1
6.047082815220637	2660.3763502888646	0
5.08385586117137	426.3740677441595	0
10.278448692454909	2847.9390038978463	1
0.945829412351145	2704.9123851226873	0
8.112972681826868	2810.3759221634696	1
15.598753246061683	2879.078987107117	1
18.906056742311918	2906.4291765735907	1
2.7483001871100505	2283.84177698169	0
10.669783593250028	1276.3239666609393	0
11.408248886392105	3035.0328764076726	1
4.008464978841452	4178.962773780887	1
10.073119409288559	2040.8602637375027	0
16.629751572956575	611.1972917821698	0
9.797959040871177	4054.0301315643874	1
5.571477010418331	1150.915057743854	0
11.423031017463376	1239.493731020135	0
13.3047835486046	3131.4148298996492	1
16.99775335904647	2075.5580860232067	1
19.74680853141796	2722.3890528684165	1
3.8009185749566665	66.71261459829626	0
16.802078273530867	1099.8457852828503	0
22.043656397787178	2783.0093801582616	1
18.174256080639154	3345.0698922280635	1
8.846639272141775	713.0516224635141	0
10.437434830180036	4316.878149392574	1
19.607603033850157	4370.129564944095	1
16.749601682741716	279.588009860994	0
22.180719677995157	3824.9682214002473	1
18.53810966273042	3675.393871297805	1
23.34366097488138	56.36881578930758	0
3.049745264042669	2329.620664017325	0
23.641150056356764	3832.368920198	1
14.572160864757816	4425.437091658922	1
15.531602245015048	2835.427999458345	1
11.149054468122014	2558.410542271715	1
20.351329997522626	2801.280606204776	1
3.216494614875012	105.4306127408623	0
10.5783663985919	976.6135399952675	0
23.17456362298924	1406.717161646895	1
9.245970264057327	1358.3724627703418	0
21.278151503244498	675.3526866212864	0
2.9355444760654796	797.5435208647853	0
17.441086424138536	4105.321072749251	1
18.502387515795228	344.3988152119584	0
5.389681140262661	3332.025177849024	1
7.407136616701766	2610.0199798161307	0
13.80821033016981	3685.564091523067	1
8.35140914816477	4229.25116939517	1
11.604993709183102	3124.923482493474	1
9.990941915692378	1637.9934489854681	0
11.768159430694165	3292.725415025168	1
5.117455242995802	2387.6367367000857	0
22.348201805850376	1827.8151233073042	1
8.51779207583964	1754.846637808238	0
15.813815820724766	1819.366122385188	1
4.264518305860177	1334.9242042087953	0
18.614373887697397	1023.8284778939554	0
22.13115050704345	42.7758252368583	0
23.26460766178193	2077.273037995899	1
1.2817838601329372	2974.6228501363894	0
10.126279711499912	955.9859432462939	0
3.5683167228920265	2697.282941519522	0
16.81324467722363	2180.225432343793	1
20.554351304206897	1511.2454163608352	1
13.418915710867541	1153.90335147961	0
20.52389163984289	4204.669646085453	1
14.212486063186159	1262.5666937145475	0
11.07365299950129	2066.047968967851	0
14.235087504823792	148.63427259833762	0
10.39779860066631	3098.178000342908	1
4.465547208192833	1121.9324986620222	0
0.5793539101840537	339.1961750147074	0
12.455162273654476	3011.724251319045	1
1.2932958369005476	1945.9931426544374	0
12.493427730834135	3945.5766645160206	1
17.634257751679243	45.55640575934461	0
10.374538779433461	2564.5776278832222	1
17.067909007740163	1152.1055830639773	0
0.8018984185494151	4218.496348389945	1
4.992477919050632	1492.6413749548628	0
9.958343983001926	1625.6844087360394	0
7.176239553329148	245.32750456268872	0
12.095160532785517	4389.176809748631	1
1.1824519193679466	2452.0338098258335	0
21.65840128030314	143.78525875635606	0
23.058579978946405	1291.4903514006712	1
7.924616894059101	4340.263431316884	1
13.517703064964342	831.4827508154859	0
23.132219935945663	3917.6572130286763	1
22.67546780825623	1238.5538038165482	1
23.87919224447697	1262.020703154456	1
7.048894570571416	3414.130107536259	1
1.5315319565746757	274.72203948798966	0
0.18248220228765	1355.065889630309	0
1.079649574886938	1044.745712660433	0
15.8534133120877	3056.7927727227525	1
23.478418824297417	2024.041537471167	1
16.8438642268767	147.76364929155372	0
17.318239247624103	511.53948112419505	0
7.813829162655878	3989.9323012790296	1
13.413174466679724	3698.0823529940258	1
22.14722270726789	3403.999801511951	1
3.7443603326098254	4412.202992793539	1
22.882279827951894	3139.070836337701	1
11.78204377513817	3968.410481879998	1
2.649725628577161	2682.269718235312	0
5.1658727701291065	918.0239461290814	0
19.084804025127838	4386.2765736843585	1
10.62172310472194	3942.227009953484	1
20.043812258733936	1947.7573552402707	1
9.264477104467957	3168.3143726750814	1
22.53097616843813	1787.763878451728	1
19.831838833296747	1412.1392053724048	1
22.91190407876676	2570.2984045425337	1
14.946697297262872	3526.3131396237914	1
13.730500670736614	3663.1711596458395	1
2.5304152812877483	4496.509396658215	1
16.681372612405596	12.267429479111303	0
1.4414034636822421	3934.4688528055517	1
1.257065246331968	756.0593207546021	0
10.238019543429996	1841.473596572231	0
3.8913155820961984	2428.033766670646	0
2.8230215129782277	2645.0680542046325	0
12.980782965121723	3115.106709188876	1
13.72288368876644	1374.1675037594268	0
21.65373614410862	2395.4159372786585	1
2.389776753074231	669.8702992266454	0
23.48892802979336	1550.9274707463696	1
13.29955649029304	1039.671576804481	0
21.139657791612542	1431.4222236708745	1
2.339887223007155	1705.1115496197144	0
15.45759463435272	1132.04284019685	0
2.870591935416015	2878.1349953545887	0
0.6591217388465216	2507.1247383466007	0
15.147618295111116	4147.672365079646	1
13.115571816326778	4038.90640141587	1
19.343476418896323	1438.9834967020774	1
13.930059355593496	192.29987688142447	0
22.06574673527291	3431.70280796798	1
11.781008387206608	1376.2151302996706	0
6.676528703904028	2303.9994469521507	0
18.124558967207932	305.0813776584541	0
8.70570579082585	1886.5373493929517	0
23.714161278138086	473.1672568169116	0
1.8743844479626235	3711.871470807231	1
5.303581586029422	2792.5739734246895	0
18.598444006288304	1187.2766467999181	0
5.38137289307407	3062.1551157443187	1
1.6528989432706798	196.44957317036489	0
8.018324071400627	571.7817933694448	0
20.312657816130024	909.9757353674026	0
19.839085842117296	4131.88509207867	1
4.694148446729866	448.3401426533467	0
1.642292357010196	994.7023290716947	0
16.983985873358836	1158.8392047176699	0
15.31376309706583	1291.0909952232007	0
16.44767822799499	2368.386614637024	1
22.395571052585034	273.5153889358403	0
10.030845619109654	999.9808408609987	0
19.123082024752787	1568.0046002266351	1
7.364985015965163	2068.3598829425628	0
3.2136181368210774	3395.432590109993	1
2.947353906209508	2162.653438970205	0
0.08515528605385025	2277.2921394865293	0
3.882538744443946	1043.7028056550027	0
18.44274994094529	2777.3151403584293	1
21.764357201965062	71.24236888660695	0
4.767309165986903	3529.8618732034597	1
2.3085290497967863	2589.732038789104	0
16.93732718209337	1138.762569191655	0
17.43168541483236	1345.3672144433854	0
22.713989548320388	431.97025691794113	0
7.242858675213817	776.82246961014	0
6.458072868976482	423.6843650035854	0
20.68390628067391	948.6444623620151	0
23.987179126141136	3285.8620091075186	1
0.6850516100234101	3905.3364674708414	1
17.067828059765304	3662.871285901975	1
3.376025371978602	2030.8680742146605	0
9.354644155424491	3983.418786528299	1
19.575575860365134	1669.7102883124978	1
12.616112706887506	1290.8412212851638	0
3.5098186382782925	1814.5787858073857	0
11.814836184219537	935.7768968695218	0
16.464255794899593	2142.143387459646	1
15.827328981682225	1702.1479428274567	0
5.422648889899189	279.0459363601225	0
20.376303421547995	563.8044757443681	0
6.764174641492714	625.4069960666744	0
17.97738428907584	2987.2342310143686	1
13.745785876909975	956.8286595340667	0
12.522459958566543	1038.2164659845348	0
0.18866131011060094	2693.246506267881	0
2.9320943422514745	1134.5876953704962	0
3.799852386104109	1383.8827922703267	0
1.924925545718481	1953.3119001399366	0
11.917425748581259	2036.3533917961106	0
0.8524561063343405	4431.566838863985	1
13.235982269516839	3676.5619634325813	1
15.650024316199932	151.19370451735114	0
9.006240674758995	564.4710858534941	0
3.4403823177770576	2084.093776997758	0
1.6521240861852435	4492.74701326188	1
21.277257408073503	2946.8502749057543	1
7.251905563034065	1273.8591969921818	0
14.479913111216119	1351.4343872903676	0
7.11374955070332	1363.2654043622463	0
23.76283663572319	4005.2052089961503	1
1.114217696801087	504.0109015665874	0
18.59179785979984	2237.581600809998	1
19.81834445848249	2357.1655840162334	1
10.133397348548094	4122.5630595178345	1
6.932313078535061	1330.856309251879	0
17.3338221834369	1157.8894952700418	0
17.797666942107888	2902.927382077148	1
15.196616572994367	2676.0434742063926	1
10.844821330966738	1686.9698346764271	0
6.36386358161236	750.7598807241052	0
18.447585049365188	1047.1600062430523	0
7.164568794973918	2300.570124522627	0
6.488116351566597	3074.0828310788534	1
0.7838298191324595	1997.8152390009525	0
14.075309148888845	3688.6877082024344	1
7.29646851831639	1823.7603123998563	0
16.621525526508155	4419.838405661861	1
4.297963288608301	2654.260992930526	0
8.860688042568977	1504.3034228720467	0
13.231194968416833	3512.086814111928	1
17.774361637698416	3217.652511889524	1
16.94802316309171	1581.4203750486017	0
7.161733560703145	2198.911585743528	0
14.597577082743024	3259.319482897889	1
2.4041973399654077	3415.2759947162026	1
10.705143887799906	1741.839829185755	0
1.0342988886245337	1096.3516763094874	0
15.894049213457496	3668.7923028566165	1
14.898212685014983	3170.8112343782473	1
8.885068651386202	153.08850702933412	0
0.5912876702932559	437.9861025503197	0
15.62969709206499	4327.718560526894	1
10.223957106392415	3113.1144424834565	1
19.77924278413805	596.1237054353435	0
7.071417178458406	472.05784844317884	0
3.1185061508519833	766.9840973902717	0
14.885435067323918	3941.2224633973274	1
10.475839467869624	157.92566497944495	0
13.081071877747544	4479.198256824019	1
19.740940047472552	3234.9918800384517	1
0.08704624005674066	283.1736972499508	0
7.566108109404216	3605.203931624881	1
12.888336705580205	627.1938759722403	0
0.2124878735294855	2369.604984590306	0
3.5486251578713643	173.8248476265768	0
0.366575565762048	3727.130001358141	1
9.068936509235956	1967.8638326255136	0
14.188455897216866	4349.6927399962415	1
13.097391159141198	3575.984998661212	1
16.473973445413147	2869.3161752755273	1
23.93704138805445	3722.678251297098	1
4.68570353512804	2591.139254170464	0
2.4862321407042973	654.7335319191614	0
10.306325221772747	1892.2756514324092	0
15.333222168765099	1716.4325389270448	0
5.46130095064413	3952.3156783738796	1
0.8922143095468638	3610.855373338075	1
19.986402079666146	1134.097555036078	0
21.350289869099555	1664.0037471123458	1
15.898699155447002	3151.3126576845493	1
9.238165842264825	3279.7846764743563	1
10.429789102632883	2700.0717847213277	1
8.728888868397593	2700.4100351330426	1
17.05645523636019	2881.3450611131643	1
1.995337001457612	1429.7289179636894	0
13.663436938569573	103.5494881479212	0
15.028939663987263	3935.3984059114223	1
9.331761849835072	3355.110192476884	1
5.7349520439042	960.1320346113664	0
19.226898083075007	3070.1706296701154	1
15.27631797734055	4430.759044308852	1
13.009942532598743	2615.733694472481	1
8.863983636443015	4057.305561343256	1
0.29786964604236044	4124.879350875829	1
13.388529729921338	2542.944633269853	1
12.607912777967787	1965.5496788411556	0
12.535772279856882	3674.711612531243	1
22.318782243557102	2066.9653194544403	1
21.71045701359798	2962.9868581647142	1
13.20710903702788	3493.836944782895	1
20.793111020744416	944.1478702751348	0
7.266979319588833	1120.6611259777192	0
13.678943409864361	3846.3783768991243	1
6.51746403673358	4271.7242686339	1
10.089148924566981	1144.8770805465954	0
2.460289783317937	2175.4957022558624	0
14.06235243304162	4155.025820961231	1
9.208403819880825	999.2338120085237	0
22.664750470169935	4316.4974258224875	1
17.979247462819774	1400.742871138713	0
13.775592019803991	981.2953085780445	0
15.034787023318014	3854.388810802495	1
22.550207317581297	4094.4159471445837	1
6.114682244866938	443.5580960511651	0
5.176975057257181	3485.9748907953117	1
11.479989267960624	1820.5568480268548	0
19.666889685716857	2705.194522023026	1
12.36591230399485	3845.629200392239	1
8.88685676677398	1151.4307417700302	0
6.693885215427828	3990.7881525543685	1
11.348166389895255	2592.577071579147	1
12.066646737283143	3492.690852951034	1
4.220541171804192	2642.6736594689582	0
20.129836626916337	725.4835457536757	0
7.933888941462399	2930.5274190043783	1
10.037409745418351	553.0464733678797	0
2.8206080747708064	3112.4675497036	0
5.179720874295074	1319.3074024540197	0
19.641269242998888	509.3955094921708	0
22.590177615970227	1457.5638875620507	1
18.116985235586846	699.282734293992	0
22.999687530156105	2436.6361322183257	1
19.025349311998475	718.7517988789747	0
1.6803092455405686	555.3566430199103	0
18.947900849621256	1901.9193327146334	1
20.361974061439646	5.710160407934373	0
12.804265945243841	3626.397378326294	1
2.809329937886746	2825.6383970137354	0
13.413489840854982	788.4084828257974	0
20.452800957623513	4473.606144578081	1
20.79469201310156	83.58992336255167	0
6.463592612319375	797.3085416094682	0
11.97278233717869	4250.877058323246	1
8.655508821213989	2599.009380852545	1
19.374404649003104	2377.6334428942373	1
10.794774482861314	2935.2532420409243	1
10.634287414063305	3827.5420703294058	1
19.83930723129596	2760.289929767955	1
10.948707172135464	3624.848448718789	1
17.734950728075315	1485.2027412999507	0
1.4168908313124806	1004.3452605927993	0
2.392746396802959	2448.6553591390925	0
5.025939467191086	4398.588406328398	1
12.576640522948523	3741.35666880703	1
13.831454527901167	1617.6686896179317	0
6.142238296830551	1906.0029802897766	0
8.747377745357294	4214.638847548638	1
15.955405950113525	4378.061638056968	1
14.484174354911882	4014.3798800248755	1
5.24890204951413	3760.0347384751726	1
13.798641769222336	2811.604481925592	1
1.5473853076422204	2205.480499554104	0
9.76851892669547	365.45399106837584	0
13.913121882331197	1053.1364762799542	0
18.049609647463576	2785.0063072022535	1
20.446460295683984	1323.9581729161812	1
12.052475591433634	3054.849404079353	1
19.193276115131347	836.7243314893186	0
16.625793024187253	1293.093906139324	0
7.849299326076099	3497.3475587248595	1
20.308809867194974	868.8799572796485	0
12.205952105722114	1538.3258432810994	0
16.590909475749054	2531.753362244735	1
3.1017332939461575	3771.6738134814586	1
22.700433081365393	2643.5981326317265	1
14.63296751902327	2574.4099413996933	1
14.046060043291828	1821.7340466511257	0
21.686642545937154	540.1524346255012	0
7.4518883250842745	4048.477735297072	1
1.9029147616452091	1848.535655934485	0
4.909421599561445	2588.640319708209	0
11.511430913306125	1981.287650576644	0
2.5392968913609	4118.855179195941	1
2.1464818695142327	2698.5059441429685	0
17.382424557597254	3105.183591145325	1
9.318922500661508	3786.2112647628446	1
9.319987434779797	2674.62523734886	1
2.4656318863398807	2543.0824773208765	0
8.18211737648507	4166.736404875768	1
2.4247980090218437	1890.1050163000511	0
23.402399328661915	4468.3616772557125	1
10.8343985482032	3745.739374849626	1
19.044983356549757	501.2195184444148	0
21.171210686950552	776.0922332147385	0
4.338277428488216	1329.8662864368573	0
3.4354960354474944	881.2251404933487	0
7.254979636254893	1228.7154327382473	0
11.660935480076033	2826.1742230485725	1
13.0274650089663	3114.092522136345	1
7.748484327873033	4288.860374136224	1
6.218547244169137	3776.307865799301	1
18.328270863816176	128.7883506332932	0
10.945388338600619	2180.692280295627	0
19.69878898266962	3224.000936197208	1
6.930549021634362	2372.661615032578	0
17.29490534707353	1994.1708322258785	1
12.00294344104475	267.6720384221086	0
14.287075351633348	4365.346425800849	1
21.84195840205859	2985.710421037051	1
4.715516711283461	3883.089244427904	1
4.091332838384764	4006.6064331533335	1
1.3654495616913298	212.1867301430565	0
10.592706235044345	1191.0961757081632	0
5.50477406303	3494.7200899410586	1
7.008373346953743	3583.8133372351767	1
15.872980834520902	2801.3759115399184	1
23.32840362842803	3303.7543724740876	1
20.833941907210743	163.9902716234949	0
16.39565997437768	1639.962367487236	0
17.659871196020127	4032.1481439837326	1
23.47483391430849	3126.956349634135	1
1.1006788098021856	2897.2965258659797	0
11.572375360067888	1735.193304641189	0
16.194032939681787	2417.7082654336336	1
11.665605287030662	1977.8454557177718	0
15.939188777238758	2419.890678604337	1
16.983983382498828	2974.8883309260846	1
2.0488901361103338	463.50139659300015	0
4.040159685065475	746.4278070973635	0
10.301001381035043	1897.289300842826	0
8.316768933140377	2380.6483876282114	0
2.877607979239605	1060.4792899311467	0
3.1951923596576117	250.1379723650211	0
6.499403687649143	2710.755775368896	0
5.402303400248449	2824.126491067768	0
22.0620836091368	1098.6959663886887	1
7.9543387079742205	3904.453378671796	1
18.629890912834785	1999.805480207859	1
23.19958842662804	307.81368044626237	0
21.968287706681757	2891.667706328048	1
22.332292028872757	4142.07818245592	1
14.108833904563113	2603.8599913162498	1
6.7689287374304445	4476.795158075141	1
10.373627571549985	1005.7270223046712	0
11.01053498548341	214.76154634131055	0
15.925409489192491	2586.1310904720885	1
4.623939888653944	4049.6770464608326	1
0.8562472486443706	1534.441464910387	0
10.67928615022423	381.8076105438509	0
17.298035910440635	2163.7185110744135	1
18.272011912683254	775.6347909868816	0
18.689983339646453	766.6632707172646	0
5.267121932525897	4114.693500851883	1
8.997832697036582	2688.221837350081	1
16.613598937671224	2034.7373864391004	1
5.797704496507136	733.002631193984	0
3.0237841781166406	1049.26059715162	0
18.40755544696732	2765.552843010563	1
19.118215668778078	2064.122422063574	1
0.20248124983280746	3377.621145701132	0
8.217436263371633	3843.018055795988	1
0.0891651074660107	4467.566765793844	1
1.392765816121993	1102.6504022002816	0
5.920966134410006	2675.769845316704	0
18.02295210561696	4079.2055158567664	1
9.256555547473791	2939.152859237449	1
2.638655548266449	3132.9305781291614	0
12.573804378957856	3338.8185280996395	1
5.687561689501738	4456.26249067567	1
6.292709758229823	827.2350561084776	0
1.2325606151977873	1576.0033722898288	0
9.089628905320481	1782.6160075465343	0
9.123622135446677	4301.829753491889	1
20.41422817275374	2201.389134573819	1
7.210160027833899	1383.5127275177251	0
23.512635856282813	4155.370151756103	1
20.101553656353055	3604.646126602584	1
17.06269828734269	475.0540375597072	0
21.101154635653216	3378.5581779799363	1
11.343370998282058	1753.0911665341519	0
3.7994697283807026	1979.5074351474816	0
12.94684618556284	129.83645454117726	0
4.694830536801359	970.1927216314932	0
4.998620182595832	2284.934326822111	0
16.566911389316147	713.8934100174635	0
4.7510571041842775	129.02517599486814	0
10.207310698021615	3092.291526516759	1
3.268272511251868	4196.958450196357	1
0.7001969416491542	616.1945911530128	0
6.032078159019115	4127.777003614377	1
19.572759363595555	1152.2032141557024	0
21.305012202551396	4006.611063265795	1
3.627311721192929	464.4242630460501	0
16.163345534998832	1501.2435416098438	0
13.77394065304718	4418.18632465899	1
8.372723684181311	1408.9349654738526	0
7.222780153931722	4036.791453214518	1
6.1038870557156555	2912.5915895012477	1
10.921634507092476	3028.692688247681	1
21.751191159958925	475.8395795042671	0
9.092314607029053	2405.1183076651255	0
22.550303817136427	1912.5356532123292	1
16.664835979567385	4230.986575340587	1
17.878504767302715	98.62663722436172	0
7.5286446209177855	4397.794622885141	1
8.288071806930635	386.92088676398055	0
10.596575944343183	334.4923674351205	0
9.353368745021658	2364.4188467126637	0
21.028336590872378	2308.5081017674374	1
2.4880497498914522	1240.3213523390534	0
20.257840914453112	1511.6923143960717	1
16.38547132449385	4402.997103038977	1
11.382464405002143	2685.859789141802	1
19.287218509790524	917.4447346809494	0
23.7298522877338	1860.4978196151105	1
6.121130754563415	3472.67978923235	1
2.0020375747649055	4066.192181321101	1
23.49502743273596	2680.5045054022717	1
7.932616565978774	1552.7051871143967	0
23.724704126056956	2627.59795650835	1
11.237079531136711	1465.0376057737988	0
11.379854496485326	2150.8952055547934	0
12.804161691112782	3610.270021417473	1
16.518021740014056	2775.076180977899	1
4.989882928768927	2590.4124446586793	0
11.617692585439425	4379.66858546805	1
11.531908144826364	1631.4339496383002	0
4.220969686018491	2138.7762647283944	0
22.752643501907134	4142.5089039991135	1
8.71834871897127	2555.574779443324	1
14.868470893922888	4285.943055452559	1
22.199491014677687	1128.3013789618358	1
22.24661817892219	4081.8475170334505	1
12.290182567199793	1573.3160560825731	0
3.4817810060836445	397.49379848503116	0
10.809762441059535	1806.538632393971	0
12.58531669009829	4328.177008263167	1
2.4388397659220864	2451.2914766740764	0
17.851314485860996	271.6907161197788	0
16.27771318259457	1000.0140614234491	0
14.101828941066127	206.7996319103571	0
3.745369879555229	1606.1870084911588	0
22.489018957152652	2992.808516563742	1
16.387748467635646	1319.5213005156475	0
10.709087050689806	3348.5964045246765	1
9.079289545760377	762.5858165045628	0
8.148342559904481	3600.1007298763607	1
14.103965512603036	3378.854750218829	1
19.046327197679155	1988.0329335592285	1
20.673292518798704	1177.7070264349888	0
4.050140267847371	2136.4020915972574	0
3.840768807642	2908.0403124892828	0
17.59266995492431	1082.1000995613515	0
10.21458188684129	3138.6471107258185	1
14.893936091171833	1535.3029081571347	0
4.044619808416329	1010.5623564597355	0
17.628623838135187	562.7029748766394	0
7.175071543245149	4138.529107203277	1
1.0364889807523374	4320.97281261312	1
19.481012154233284	3019.663025008474	1
3.3244087951417125	1480.1127959800117	0
6.5989529819322295	3565.204775289998	1
22.709272345547085	2791.8955417257243	1
13.70908511081674	403.8645785480121	0
3.048382191279038	520.9257139238874	0
22.418277144196505	329.33167979037853	0
15.462425800666171	4337.27167362418	1
7.771958235619395	1807.3102022349378	0
4.150665681486292	663.4719099991569	0
8.752713464526732	3392.856862153765	1
22.26828097003714	2634.3177479960714	1
20.486558306037374	4034.1502384305204	1
18.933123150982546	619.8914144572426	0
4.323544636260866	269.4557279514988	0
10.358362493059241	4393.042277629091	1
22.209785428308148	473.0392652368796	0
16.958679217717552	736.8974771241627	0
9.377380846447888	1973.5472635053925	0
19.525143149502657	3431.700187795568	1
17.60833251171355	4321.411616471318	1
18.09112027852831	4083.833769285161	1
3.0796381517190046	3977.908798073838	1
9.268296355538233	1989.6139686927597	0
20.85058791773399	326.61565047306186	0
23.843380574456994	3105.720027341646	1
11.036827663119766	3059.906884468	1
15.624295287426223	1618.7305097080618	0
6.257535544960991	1305.1776680907367	0
15.611121508063434	549.8846086324229	0
18.91686487904233	23.568325620175745	0
3.129806666500696	1378.3542321797868	0
14.783230964136248	2764.1042706592416	1
16.241019053685477	2945.4729370180594	1
22.834580200518957	3843.708820044852	1
8.033599566103309	3748.454186624372	1
2.7326794703142907	4373.02382876328	1
15.069094494356413	762.9524520736229	0
18.914906502236917	288.7551156384615	0
17.13490987281131	993.7815526451895	0
8.612278264628102	3206.5238605903432	1
11.914250274342702	2234.867132877825	1
3.109217222083723	387.2321568466956	0
18.883361454061422	211.6228441500909	0
2.6467878728109753	1076.3774162750733	0
21.777179357622423	4278.361152137142	1
21.629053094469896	514.7340281540526	0
11.709370143581783	49.56216001755676	0
13.862654219075031	323.02958781754677	0
3.2146331118024802	1596.782414908231	0
18.113576218573968	2528.1871884981797	1
6.802678654848806	3667.1231600288575	1
15.17369244388135	755.8804301381125	0
21.192838175798627	1008.9249652122843	0
21.3245372319734	2175.3202485453617	1
6.1671099877314335	2874.1675949666637	1
23.750150558671642	1888.1030378793823	1
22.047452124620598	3798.5739709421678	1
9.718737358730264	3992.4476301892932	1
12.08382313638176	2296.6989677475735	1
2.617016304788728	156.7967975907188	0
21.860002606877178	2818.4119521064395	1
13.500243052410934	1439.9429982234594	0
23.111498115475595	1334.9417886290628	1
19.342483548733004	1128.7782775204903	0
18.304926562102274	383.6099397358614	0
11.019947947647182	1230.8482811257886	0
2.966416933046486	1318.9335819308758	0
1.1010956950108621	1703.9150258294037	0
19.833345904460728	4479.325300868149	1
7.429226293772716	791.7698495066204	0
12.092294695233761	2287.8169564552845	1
11.848954850762528	4019.7882723146517	1
2.2728738521913012	367.4305582548529	0
22.670125249950445	695.1834104811104	0
1.7217551538823441	1896.8525161318885	0
0.18533471021434433	1468.6279033614258	0
11.893102153906646	2033.4479758284922	0
14.938436008176634	3125.6294242473077	1
3.759378826021411	1530.19749805072	0
8.875967433670734	357.41510404495654	0
3.0669601687096373	2209.9552564542532	0
20.777742807049453	1353.8844139375285	1
17.009458864773258	1921.1439261327519	1
10.109618749815766	115.10125642963148	0
8.690652402457225	1219.3858158612413	0
6.395843105636373	3314.1530751407404	1
2.977449950716319	2910.6232416846183	0
18.571011259852554	613.2326664882333	0
18.100530583918925	434.32741845328474	0
7.125156847249436	4489.524665504557	1
10.622617710469916	4235.808182854411	1
3.1831298244606696	1491.5504818148784	0
18.117604355878264	3103.701957533459	1
14.526417938509647	3874.6927708331687	1
2.785616686751588	3302.778195756951	1
7.1682719632576575	1497.8465386070059	0
17.116998783388272	3676.2031129591687	1
20.839599404864384	2050.174364278116	1
2.8785024089374502	3044.039386547249	0
6.151458026380872	4100.277157469871	1
12.276088586672035	1729.4083605450405	0
1.383778159046936	216.3506320512873	0
15.574601890544379	788.8946080598345	0
13.871292808208826	462.2747937869692	0
13.275128859471916	1288.9486637298523	0
4.761973148704707	2332.4645699228586	0
5.9311515036399065	4320.613342675709	1
4.020494983524864	1950.1063624604667	0
2.58544312528106	1869.3329974498236	0
20.18712778424267	3372.9913453001145	1
0.06933593447511921	1071.6612145277866	0
10.071996411926676	572.4060898174288	0
1.0666452475116959	211.03007304387506	0
17.004719209416447	2413.9725610235937	1
11.092060345366669	1427.0266406408455	0
21.405219987312073	826.178152539726	0
14.671087748373122	1537.9000127586594	0
19.35146239245655	3949.3423302907095	1
3.152646646840375	2888.621122955251	0
9.306988225925492	1596.2645620473536	0
16.68597958612709	4240.875868190526	1
4.845938769995306	871.8461234954758	0
11.480895653550093	1202.9445634843175	0
12.19117573795912	1036.8314359041035	0
20.630717505078454	4112.494256854808	1
20.465308180325323	2529.9138527192554	1
22.225952368773257	4097.878154770524	1
21.035673885587855	4460.129049802649	1
7.540568725855147	4121.741973184634	1
5.7468640897355625	2703.9543654827066	0
13.028652317617961	3932.911586046283	1
1.1166088070811426	3612.3407660662897	1
9.385811234556023	4222.428833827869	1
11.123119158695657	165.48965109359975	0
9.171029496138566	1185.6285968621785	0
7.657993310163511	3304.5984841012114	1
17.872589713038575	3849.6056153401905	1
17.011669962163904	702.9730352581263	0
9.979511229032184	1053.1154691048027	0
8.10305244445922	2279.171367154241	0
8.250089478296712	775.7133988377661	0
14.366226059101514	3369.082731801745	1
23.3994845165142	1470.507119955371	1
1.5683592814520138	2500.08728079815	0
21.42972399113466	2210.554890657705	1
10.46822055843731	2532.69812216282	1
22.117105099055113	1729.2700458974666	1
18.165589028468148	1420.858229435099	0
0.34961783645681965	3219.918948028403	0
18.214336344227707	4417.231289942992	1
15.741195916407348	1051.0147739802176	0
20.95831139595086	2584.4331421433562	1
1.6401365169920794	2553.5963914325457	0
0.873291009074423	4018.625277275065	1
8.929487857547066	3029.493282488492	1
14.12765386174986	1482.1433789605903	0
1.863083329307706	4460.786574906366	1
18.879769624815818	3110.2409934828966	1
4.194885194737746	934.9737660551898	0
5.112827723520332	3400.0708322212195	1
12.792037638216787	2178.679512215887	1
12.317121812713541	1240.546729578373	0
6.639415314304734	1162.0559511910749	0
4.935440240695388	2538.574887251759	0
23.910456379835725	1559.207235898786	1
6.594684555412695	3002.6802364733085	1
8.201057722865364	4269.793005026031	1
18.491712296839076	2890.529091781749	1
14.046318453430196	711.0654608993602	0
6.6411401037412086	3576.0795297535547	1
10.075889804918642	3861.6796281231136	1
21.13722823839445	4146.778713150079	1
5.336627810925386	721.5160689281275	0
17.972945267825796	3899.3485941742174	1
7.042791193880702	817.7525531182648	0
9.507835983356461	2503.1412712090805	1
14.661115318745866	1951.700430809395	1
0.8921903875954573	4066.3150366006867	1
4.412495388437625	3169.151223150513	1
17.2559097138995	4411.707677018701	1
3.496389730243002	2047.825322212617	0
3.429514864102674	3297.912081764824	1
3.3991633106513675	4295.840354459632	1
10.179472700013047	728.7178168353707	0
13.226453393669926	2145.4357479747428	1
21.756025557634988	977.7365837871554	0
8.981911935325487	2597.958140771714	1
5.511894203151825	4022.421228022826	1
8.312188542217498	995.4540176507103	0
20.358869450379792	3532.08441490799	1
0.5175540334028703	2129.87907685484	0
20.541591189126112	4115.85143706914	1
6.299289431616208	2262.845179396924	0
21.70147777535972	4040.6522165401866	1
7.589578961912987	1873.805768280301	0
1.5253450883988737	1934.3511108883163	0
20.640082521469402	2516.964084429612	1
19.028570435303013	1044.7321149271597	0
6.2940588708212335	2941.898863352345	1
7.282964541448986	840.9700919770003	0
8.95852602174401	3302.2449258219744	1
23.77739785786295	279.1626259119217	0
18.629321090116573	2791.0981260925237	1
23.21538961905062	4495.715816833528	1
3.1312535151633982	1818.3805464037123	0
14.862202062201165	1589.1552747953158	0
19.888699883740514	4469.386472038171	1
8.643747178866946	4093.9926717911635	1
10.571942845075839	1376.7433512533344	0
10.160872883995246	540.6231458565908	0
14.852213867058989	3198.4163768022304	1
6.072887334414218	679.2768267119649	0
0.3859411817236733	4111.4052683516675	1
0.3869235173312191	4491.566042014773	1
15.04424430692821	1922.3638771490446	1
2.1766246817534958	4174.374510201411	1
17.3050412358193	181.64667850326933	0
20.366191803321207	4383.18111937396	1
14.7451982326205	2759.511337665383	1
8.291292443155305	1180.257931955229	0
14.709409313289498	497.42173827638516	0
18.053581209548135	2757.068191864487	1
4.286579732844615	1306.6718686637969	0
3.4500226140252135	3999.8852430670577	1
7.649163416731111	4046.378299741711	1
10.937826447062132	3183.2490356510157	1
21.990092334298364	2769.0619833950786	1
1.8615548056673346	4364.280574490257	1
6.3527846681663585	4256.377723330396	1
8.429473690165008	4068.7880894146106	1
10.234033735861257	4143.893983725307	1
3.0774929178282084	56.42621438705486	0
23.20549926221701	3062.286627474639	1
19.454621063351333	400.90873642372895	0
19.04743338661671	2303.189645968648	1
4.2479086521014064	4216.686445550437	1
1.0714724874756199	4406.4423943609045	1
2.8471771258162537	3197.9586165585993	1
19.220016012895343	1390.3634366098715	1
18.98343743903375	2054.786982969567	1
6.514849832874722	3583.0713374398415	1
17.023071142245705	4339.823888775738	1
17.40050607459082	1559.5052805602938	0
12.926736216775119	4186.794081291064	1
9.614374185075947	4361.01155130798	1
23.793377611781132	311.5872479892796	0
4.449137678333978	1457.4054532027578	0
12.690185010578553	2100.072128129873	0
9.979671912009302	960.788967569884	0
8.826564199257565	75.23353647344433	0
10.093861830183322	48.56391199757726	0
21.811911262587994	1679.7877792353827	1
19.458875597881637	3536.281671682167	1
1.395320760570848	2159.772262476601	0
8.111985976775644	1436.7486209117783	0
19.324420566686054	531.7246472277044	0
12.26541544304051	2841.0238739702722	1
14.607709927624082	2316.178589425495	1
7.126693477827966	1132.0556216718228	0
2.625515846309492	411.24939637374484	0
20.91750873587879	3610.083298596009	1
14.289844942919508	605.4443154881449	0
5.15743217367512	1201.7773956763233	0
13.993328847410892	362.1991150998386	0
15.4090081337521	145.54964334737087	0
22.907721588429286	3206.809588946327	1
14.6371577960699	2983.178479564401	1
4.835519609861945	3594.3941312337142	1
11.190956721146398	1144.8613191714308	0
14.349455635088995	798.6484603502871	0
3.231146651755097	3966.0698261513894	1
14.827961043210044	10.824197767093867	0
11.322179562728406	997.5618793486641	0
9.17294758248305	4305.403670601091	1
13.512967035774132	3723.898528962342	1
3.655118391570716	2327.643417437684	0
7.21875576647466	4452.2573073303965	1
6.678851682741414	1089.1207058669797	0
22.439366707690468	3382.2854151939014	1
3.3014201571849746	402.62620166642665	0
19.75439044967523	1194.3943287289349	0
2.4169300570265353	3549.451351040697	1
22.102438450433382	1255.5476022560786	1
15.237023124230578	508.3540184569786	0
16.54047734336298	2555.4180215501974	1
12.65616139016332	2244.8647417656803	1
19.139776350124244	1376.12585404212	0
10.40860212057422	2540.9980117511664	1
10.225452618538771	3609.296312495235	1
4.431690833716612	4047.48112470295	1
1.5461581135280866	2942.6978087275857	0
16.167290716748212	1917.996823335698	1
5.589595347927443	999.8138306883947	0
1.948021891934749	4432.1477858561075	1
17.725630849344945	1988.7512173983293	1
17.006370920740306	3237.373517785346	1
18.83566679201265	1397.9982465694961	0
9.997406704328197	990.3987102454164	0
14.546087279052703	3290.697092224202	1
23.25457736043385	1562.961545830578	1
15.44274588239739	3004.137767166557	1
10.787939317689373	1014.1357957490303	0
3.645078502326916	1102.4636291119286	0
17.636676807240214	4421.912680379772	1
1.4848342060618887	3843.448011127519	1
11.666431316338478	80.4646224920062	0
21.688215085114127	1373.0180908003897	1
18.720287738556152	4302.886005082631	1
14.851176571053303	1207.209780289742	0
0.8296133428968666	1903.1659177515487	0
16.71206050760794	866.4813365789565	0
20.30509476371936	4440.775378519174	1
3.986434275112746	2692.4767432148274	0
5.387737072092826	3086.0609555737688	1
12.003303438221064	220.3948530907912	0
5.344199790210088	1739.1086555164275	0
2.0155619570904193	3318.2178362449818	1
19.956523077748262	2228.75228339946	1
14.384908458751894	3882.692992967392	1
5.3039966182214435	3952.206235277723	1
1.206283315207556	3917.3760874281343	1
18.88212736837139	3336.295590060926	1
18.120378090083864	1835.7684215185875	1
20.06576524333316	1850.9275593004052	1
0.0757259543767761	503.43862704152434	0
22.049679254893096	4152.800194610018	1
20.751225809901133	2476.9936933340514	1
10.825579262277337	2630.8967962419465	1
20.332541526343586	943.4688236797476	0
8.76689625995812	3020.174084641944	1
11.314937800518583	1921.2682805244858	0
2.036898464774837	2806.979113568391	0
16.519969346864713	3340.0604341938097	1
8.201782106150924	810.4296605794564	0
20.682912585424273	397.1012512898133	0
18.364587094089053	3668.3427855073137	1
17.65402219332156	727.4959163286032	0
19.021469985683463	1027.4540609825406	0
15.943241144457987	1762.7254573491532	1
13.825426179284573	3715.795169338724	1
0.9635226121913885	1617.2662004927577	0
18.568888059149184	2087.129385464562	1
17.043462940419737	4347.643251236183	1
21.938970655778395	4300.967880535853	1
13.721728174518674	2237.926203892314	1
3.5971215761495845	1439.7781449806728	0
2.6706026917828742	4259.7975466738235	1
6.776220398055622	4281.2892920282875	1
15.174913719202838	3894.4775689955845	1
23.210173265274967	236.44622424944706	0
4.632894166244249	4261.341320462531	1
17.321019039054278	834.408090208334	0
16.55428747957943	608.3935085270318	0
2.217892812021441	1148.185175125826	0
15.718210152172272	333.9283368342203	0
0.3007881534128236	1272.3936191100026	0
5.872826584248022	1350.7708691519172	0
1.2450909563203503	3920.90765874193	1
14.017894006508318	1844.3966046680437	0
15.856834807624411	1919.1247003145736	1
23.713472727993505	3712.653595383989	1
17.65051398927195	3605.554505796836	1
17.02101738882612	2510.7728840729187	1
23.804366198034273	2037.0918724242672	1
8.710220308708745	929.7669130209696	0
6.817175490233853	1256.750238925787	0
19.26547908714865	1928.2065414270267	1
20.92211230223234	2239.0581518729377	1
19.623301315371492	2026.8953181829568	1
16.151533461671725	2184.6487318866534	1
8.25522373233592	1703.6688134408162	0
23.49302973361008	1255.2421499105906	1
19.20061589820954	3009.0652823286187	1
11.271145179858102	2814.3071116519736	1
4.879980835610088	2082.670272708108	0
22.616647634714383	1060.7867892052434	1
14.265988336132947	3847.9932618843463	1
5.558284209421712	795.6592066897512	0
6.033663548189312	1137.4283053253898	0
4.61266581644795	3605.9684882812867	1
10.5571034964482	1458.115883783983	0
18.513889221780776	532.0884878494313	0
20.44430669674386	2238.3320998443364	1
8.73656140948551	547.3013887655129	0
7.85528399510731	159.48720883430562	0
14.632794671034164	760.9034182160135	0
1.1080256915029123	2740.4516303642868	0
3.5439312662358864	2886.324985064336	0
14.01708825637249	1719.4197253621878	0
21.747897934233144	759.3559879060172	0
6.812572111628241	3551.7489370551557	1
18.62247965810915	4087.772740506415	1
19.86959278688429	678.4271101259545	0
23.306980680196364	540.1878330558221	0
15.772690773764909	1631.5486996754441	0
22.13835936082392	1155.3703455094906	1
21.473302400856877	4200.090550689648	1
5.749811212535017	897.3698833785741	0
2.6792992385088112	1489.2266644856054	0
20.417780722501796	4345.565017125514	1
15.735440675146009	297.915318172067	0
7.464961589740408	1380.1040455969055	0
7.22170233621938	4156.940429644487	1
14.146145615497506	2134.426396868524	1
17.024334182705797	3599.0182790467525	1
15.10624936686632	2354.151127587459	1
6.143942675629923	2599.6240034639914	0
9.607743450743921	1154.6706833377868	0
0.19013521219910956	480.5747218219098	0
13.061556430185972	3065.2854304824336	1
11.962832322935673	3196.7878085248517	1
22.920302482594213	1672.3273898534358	1
12.501146048120976	1196.9407335240876	0
1.0955766894436927	2403.2347583225373	0
19.262571855143506	916.0472746720573	0
11.054587844783313	1481.5301285180094	0
17.47992924553507	1279.4297196057232	0
16.176873853311683	1312.1405260840759	0
13.63093519670721	3573.8180295230186	1
16.25077392418515	2587.9267758677647	1
21.00694466742299	2440.774646114991	1
6.545043706245194	3309.545843866816	1
21.789177408512206	1896.7170013180005	1
15.391813800849924	1481.9594110621854	0
1.7619466885628317	1343.2892440063256	0
13.920925901492918	3631.393807613923	1
13.397727602727361	2151.3555809314744	1
14.14410931242105	3198.0489705314526	1
0.6772032445505776	4169.229391949932	1
12.499694202350364	3277.537242789979	1
11.89170970521543	805.9989058358851	0
3.558764680301061	2625.614924093892	0
3.3690047804481367	1443.250294508262	0
3.352591825721551	4103.296517723089	1
16.24892928985943	4050.7977343281796	1
11.172835610244514	1605.9930344559182	0
9.376611641015453	3286.5285392245432	1
18.07764012762369	747.0833998813921	0
14.596632160994798	3985.77331661505	1
19.66223792707646	4267.647648505416	1
5.195134479380969	3474.8597930491446	1
6.411719675930792	3418.3008005005368	1
21.73888749232744	4323.16169456014	1
23.54949033819821	1608.483512909907	1
6.4022951858519415	3038.5112554181096	1
10.115557123697386	3709.0710153455225	1
3.474841433243019	424.54195117911627	0
14.638051306002865	3885.375187154711	1
9.386289676057206	2352.8092745176173	0
6.0248203039705555	2031.108364136298	0
2.390591645667893	1046.7814937633782	0
4.818429677527275	824.6469754799533	0
16.0947726994578	383.8053769262206	0
7.706502660617837	949.3742885628483	0
5.697902359013492	3520.071145456979	1
11.3218009286066	2179.85460260511	0
13.148172028567755	2602.629379311571	1
23.468874410706725	1357.8438991877408	1
11.394811837494384	4472.148795302135	1
11.47245463414554	3390.9688655792866	1
0.1571765537668517	1218.5567540566394	0
5.991313170161638	2667.9300745786904	0
12.191446040622095	2435.560418329075	1
14.562796850535612	35.610973346494376	0
19.57556352865926	1529.0699535061774	1
5.301782354733127	2308.759093543298	0
19.471246001457484	1889.316178832954	1
11.837371153628432	724.0396089181702	0
8.238290538037901	1096.4700683571434	0
19.747348222410373	1829.9998750272111	1
19.56759786728343	945.3546297383698	0
4.5693918954618225	731.51113041026	0
5.367056719831673	4463.1623330642	1
19.729438848393837	3025.3303995781484	1
0.9381872438233696	1742.4685912829239	0
18.50686047172749	3719.503952699266	1
8.351759857685893	1822.8602079544507	0
5.011491666166466	342.1674445650478	0
11.381102915643918	2950.9589418754717	1
7.296584265579764	722.5773914573457	0
15.72376959833457	904.3330630822351	0
6.216853115546071	1475.044168301459	0
23.811883738685975	4488.300026213308	1
3.0865988079835196	3687.292392122508	1
2.129165901209462	4224.681762412422	1
1.678263855989302	3254.363276250708	0
3.873426724600062	2317.0271379108217	0
10.717081281159228	554.9226674946185	0
20.182747717675067	2764.9392898023416	1
0.6054519352399153	3733.2146242324548	1
19.377187823651095	2142.148657852137	1
21.14366405018138	170.76118202438144	0
19.723948471970694	139.2079621299525	0
20.182691937833543	1216.1089961202276	0
0.07494028508775141	3870.6862005268745	1
0.33378040117490304	2817.310149844424	0
3.9305589549128364	2226.5293378350884	0
2.4333499494848754	1919.879945250065	0
1.536482725337736	4358.747068593468	1
0.19301083254612816	2510.6078535600745	0
0.20352895943800853	3259.8666547225803	0
10.964078297419238	1973.9550949145898	0
5.318990711330046	1873.108904772276	0
14.742310201245598	233.32607935448107	0
20.67237841969697	2542.0587316692486	1
2.0276025021116224	2959.8783109933106	0
15.354118677947662	3717.775750689522	1
21.14839532025972	82.05991649893296	0
16.156574637872666	277.3670952122647	0
1.27626814977502	4092.6361674237714	1
18.591864319507543	99.08385087062649	0
0.8801070542263787	3631.4968549044443	1
2.668644406440877	3345.5345212312664	1
17.415364795901525	2492.0080799071725	1
23.235912623547225	3321.848248078228	1
19.03908470807412	1124.0923018249098	0
12.604005821569004	1277.9594445017585	0
21.512707265256598	1002.8284557106331	0
9.209823385843865	3729.0464219778382	1
13.421274848821337	4462.775812140418	1
12.271941155478757	2371.2186161233312	1
9.905951010131602	296.6914744432922	0
22.37596727882392	1669.8323281419218	1
8.799667272822056	1731.8000867922563	0
18.40318400403379	4489.975406511478	1
13.482774941879823	2763.566437605399	1
11.645956524075515	156.13020529250164	0
3.3696840531324215	4451.985571169332	1
1.741837099046207	2360.432748620049	0
5.177475055569579	3709.1447567179116	1
2.7474475365666455	45.96812095890268	0
15.990226799906207	3864.206070060915	1
14.708640527650019	4338.464571258819	1
0.03350685496299555	1286.640692401246	0
16.80848952247571	1548.9794956759667	0
2.7517192135491557	1013.4911190377304	0
14.551628469317226	1680.925102244699	0
15.372866066013025	1899.0544519922298	1
14.464848584580121	4085.0709430289808	1
15.867748629681184	3021.317917138919	1
5.61963526828519	2642.7474346829194	0
19.535038012539655	4000.0129190518023	1
7.030531528276498	334.9905182092014	0
0.11008874212227848	4358.6007258006875	1
4.827949485453037	3869.399434761391	1
3.02035783462114	316.9716368138936	0
17.988833754941844	1934.0371914179525	1
19.55245731566179	2291.8028054371384	1
17.413643056771065	2867.659513142473	1
15.856259865651815	3201.605267732906	1
19.49638892374643	1578.490268335231	1
13.887392387149141	2170.510850192308	1
15.67778983584588	3171.6540471240646	1
22.628008773021683	4308.7623577596	1
3.5041029306092337	3618.366035319817	1
6.7690723042133625	2066.8533771780913	0
18.005662409849123	2934.596551946217	1
6.8098965866686605	383.9274344110769	0
12.703316992403249	785.049643294469	0
10.16429258532117	110.66386081493879	0
14.577669931503085	4220.769727182933	1
18.348271563813135	2342.5153690469706	1
21.123534353562675	1135.9024628838563	0
13.515744707690335	253.85617247056004	0
8.827394112507648	141.72379316304185	0
3.459375927833043	3263.4660695869256	1
5.324616663786906	1177.227466426971	0
11.032090163850143	3721.3145208557517	1
9.54159780287904	156.48208466913977	0
2.991158692442064	1066.9522086862469	0
6.912519795911674	2334.571954863164	0
10.535648103315523	1656.8436566265516	0
21.57169470207323	2750.920839711675	1
4.107400222115776	2539.8577189633006	0
11.674363852002418	3956.908872893497	1
20.8812231356467	1938.3890283807125	1
16.420846662465955	3799.1206063552727	1
3.65084278812774	3629.1485833334127	1
4.502237682381163	2163.8763888435715	0
18.25614700465347	3522.5634724281854	1
15.377049544290395	2177.7350034705873	1
16.446404048517934	2593.8854865854023	1
16.252339910386837	4270.329287389607	1
15.866639268381746	119.29666811642863	0
3.277586411571483	2946.5882989468205	0
14.072645455626642	3759.732925068864	1
21.3460201605766	2715.3032664177845	1
6.321487235391546	3796.0702161762692	1
16.94019653107891	2384.8195806291983	1
10.724497822999862	862.5670081869865	0
5.332857327434087	3190.8668500966883	1
20.139106105733276	3948.2595972480817	1
11.332003557782386	303.977096922685	0
7.993246738208201	3607.758717718415	1
15.140336792974303	1627.1550287420866	0
19.28736176825251	769.3589856233091	0
16.240620767849986	3773.161955194668	1
18.55869204911161	1779.1193046418196	1
11.686249862172797	2637.9534568305917	1
23.156044044414728	948.8416304022896	0
13.207921029492361	1911.0391266617994	0
0.8348103444319417	3556.9979764195127	1
11.103315458445039	2183.467457988988	0
6.9303347341622565	4416.840149331629	1
2.4756363646959256	2588.535196804044	0
14.593413827913022	4480.803951269255	1
21.21713178228411	2901.867639808707	1
7.65214644790707	2052.7279189026303	0
23.811436050199145	804.8520174571403	0
4.360221158307355	3538.4964584604395	1
20.2843646711446	2160.8717284547015	1
16.109578579387552	3599.9649746850578	1
22.739737650505923	2051.8936784618677	1
7.752352006399084	4446.143615005333	1
6.820385281362739	3113.730646094122	1
18.750749216706	1518.9834091252637	1
19.79099643663315	4185.040555837296	1
6.372233286011483	1738.5476265323402	0
12.254790305369186	2223.2446044496046	1
21.048537069963885	1914.9682684019679	1
23.256173676457145	1653.2061665553724	1
9.069927559411767	3113.1786727553235	1
11.737327636695124	2566.949230719676	1
9.008938422822933	2309.63849925257	0
22.060609236663627	2119.407775265715	1
5.4492947172526245	3216.866002397356	1
23.007484694228427	1902.1543386223339	1
17.888896754849892	4469.355066390428	1
8.178682157293647	2015.9001310417946	0
14.782940184560474	1843.656300663041	0
4.618859762333352	1826.1258253879982	0
0.8145008968694603	3673.344119708901	1
11.362129506848525	2109.7029397494825	0
5.81085584748583	862.381531617489	0
21.232396572043953	4064.118070793973	1
23.7315885177151	2746.7336258251325	1
12.586025689997278	1228.1621792269489	0
7.579109053351811	1169.3914872049713	0
15.301845768303371	3198.3597533130996	1
14.783392398029148	1773.4847542032214	0
7.253205097843961	2182.8072375045017	0
19.67888721089116	149.17198184421977	0
10.882845738663349	597.0164148227178	0
14.50203916479508	3365.2752244234457	1
1.8571464780906508	2140.951919348699	0
7.708139210407688	3165.7729061470172	1
13.984378220825079	2753.527943883156	1
6.002780355350738	1796.7637862497452	0
5.570991043268937	1971.7254845384105	0
19.077167928179296	1234.1177083869427	0
21.273910257501853	1155.7224148960036	0
6.6767127751543365	3536.302492096698	1
8.555065164430363	554.770454758122	0
6.215996680018391	2808.7838685179886	0
4.561513058001294	2947.3155484643894	0
11.46524084277883	1800.0933035540565	0
15.267618556613936	929.4187599685491	0
20.712047394701372	804.8488009178609	0
4.702940650923051	3298.563493956562	1
13.778869344589078	471.7167164672226	0
14.061898315326257	2574.317062935388	1
22.08427084259376	4116.078091874814	1
18.268005106558707	2959.0344299542303	1
0.9279849173988097	4111.165112343191	1
12.413640093075966	2399.336451536355	1
12.692605671081852	2593.529201819161	1
20.168437326202188	2323.9045563388054	1
2.002057431631126	3885.078164137899	1
9.286926036481862	3955.099857516794	1
8.049041138176454	569.5081607469157	0
9.189863471505362	1614.5558345924849	0
16.120564758485713	751.5589764497021	0
1.0551823220440646	4179.012088140476	1
5.284710399804051	3967.726572368341	1
12.604706167831395	0.8625755050398753	0
8.874743085502347	3911.4534040263084	1
6.995540560005516	87.94383811051098	0
3.3095943079998387	3931.5587768787072	1
10.38635224807355	1798.373330769711	0
9.142726811991501	1979.5641683335502	0
6.040156363321873	2288.6428768550304	0
6.35264898098422	3094.6262473118445	1
7.06537722063032	4189.7467302545	1
3.958642746296734	1652.3311677006332	0
0.9275670899725439	3381.5260230517392	0
3.1527247373457543	895.0790869988549	0
1.0565508892703086	3214.8546100477874	0
7.725783531856565	1750.805615227072	0
16.350370613540207	2802.4921645961604	1
6.46258832860122	983.383228268505	0
17.872891220092992	977.8188692425383	0
1.4029698953458931	2060.1420019744614	0
8.294486698875712	554.6265121672003	0
20.793403021181465	4173.738278189486	1
14.44845733192166	1404.3583832812567	0
23.20268532345868	1508.1504687527677	1
16.29611255384762	3007.1007482656664	1
19.363624619903455	2356.835375906142	1
5.975647561281897	3186.342002514637	1
9.011512505823482	3283.795542567174	1
9.311360767950465	3664.980267958678	1
6.6473141025032545	1360.5273159383537	0
8.870309292708175	1343.7459877394044	0
9.461150986864261	660.3155082661006	0
1.9903366367319002	2499.5808899029576	0
2.1542730691610084	581.4576454194004	0
19.20185710766591	1520.5048352405156	1
20.71841620139522	2972.652365710829	1
18.846797031439273	140.1980799992823	0
10.369600041688361	2551.6252673964514	1
4.494704453742311	2737.8831321099383	0
20.92586333955505	3794.690324626557	1
16.625618121085417	2964.691970071079	1
14.675886162122548	399.1678821915625	0
22.84582842664313	466.7000579931002	0
3.848329727937111	2417.5038839170643	0
13.474287665816004	2752.974873965441	1
3.558744859897452	4127.072523879801	1
18.38002968537404	2501.9844650647033	1
2.7084240307145384	2536.895125446095	0
4.615366104765319	504.1777000199322	0
22.3404109844222	1657.700438910015	1
23.149663530150953	299.8160206528639	0
12.59235168742606	3326.2005190151413	1
22.20004780087865	622.8552187332782	0
17.96904514088235	2981.181203172174	1
6.579956672022693	3538.8152233973906	1
9.619095693300046	2056.836680693912	0
6.271038098177235	2646.547891480276	0
0.3455437717184324	253.5448243612718	0
4.131936249264814	1442.177417714424	0
22.23999703435809	1616.9592303325044	1
3.5433191276117846	1961.8929232052203	0
14.860891172539311	1367.3562657356417	0
23.63501944417812	2449.4483405932638	1
14.735138779632289	2033.1055329853962	1
21.78485518587602	3224.665187133198	1
10.937233702937938	2142.276980997193	0
4.542854551093968	3243.466783982745	1
22.444145157049498	2281.8441065723237	1
7.978041444762982	4048.4479182030295	1
19.392635807587023	3201.5674296675725	1
10.616065332139407	2303.5577943468506	0
16.315796677489374	3719.562887689702	1
21.669337560062893	2853.7479912664216	1
2.146147654655495	3855.0247562814375	1
17.858086803851325	1260.5005635859009	0
10.392307284660625	3334.873202882419	1
4.563641997445344	1369.1118186743167	0
12.351985547908736	1027.2649980954056	0
18.04058171259038	1783.5817834937677	1
22.25402635678105	3938.2681876983993	1
15.558430398201203	1074.1008095059644	0
22.240803959313386	2114.7989919125266	1
16.111156140057265	1173.1803794821126	0
16.169709282805485	2166.796954576454	1
21.07467844120536	3427.729458683905	1
14.168440427588065	4379.385393377367	1
11.489570756582886	3520.7486259204243	1
11.013600888179607	2062.473299576711	0
3.092951446124567	2828.0254317934127	0
16.413472202090578	262.53280121959153	0
9.893625949571982	956.9708523632188	0
1.0527819087741719	3693.2759445754014	1
11.850997431646345	1870.731690426037	0
21.16429296247328	3801.26511722091	1
1.3986873351336788	2230.3816498192555	0
20.960350662229526	2903.39617964946	1
3.0875753956057697	3535.2305284475237	1
7.933730046760225	2325.0552825459777	0
11.004796930642142	3749.2176219128582	1
10.506157354477804	1813.28972719304	0
7.699073197377347	2979.1475235773505	1
4.098223168120017	2398.068560798373	0
2.734324076885458	2299.3573820762863	0
0.3139883912685226	37.17471934330236	0
19.796254651971896	785.8146376694281	0
14.627786402730809	2462.5536780507173	1
20.944909280988703	4364.472297348328	1
11.579780216486768	127.745475396765	0
15.250993992252562	2507.1865213415354	1
0.052719532716016815	3020.993976585404	0
22.23482454835401	2544.606468356393	1
11.107205229630132	3231.5901291342043	1
17.117220576156818	1824.5827992032	1
10.773977753494849	2997.5527374948606	1
10.521192606754514	1714.954849978756	0
4.2667512303001045	1898.8165653111437	0
14.335494407200397	4143.079809658883	1
7.955513564184197	3074.0909342804152	1
22.779558151725993	301.42110062438786	0
11.039724497919437	4320.805344291438	1
18.764588846753554	4043.3492395110857	1
4.614100018338383	3909.198627389408	1
19.946568157071965	548.0969680507499	0
0.6613427514213308	1832.4259958508599	0
10.729796579593767	4326.449330576508	1
19.070240651794926	4292.0743309756235	1
5.780999886427639	3992.300131392343	1
22.13638700692984	3457.8747584305374	1
5.514595889973957	3435.3864336112006	1
13.212865692334749	1643.9317446507162	0
22.891756600916246	1840.1679652425325	1
1.6582659391066255	1865.6634169624622	0
8.964218082091815	2634.959545237647	1
3.7875414683602875	4015.24477543553	1
22.581692288742737	3741.2135241534875	1
3.942293446214453	1866.2004471326516	0
18.89716673833702	3791.911665329113	1
21.871930206925196	1716.9260708573422	1
22.836613185245973	1803.468884770614	1
1.3135287066646573	1527.4022880064401	0
1.7061227420648253	3611.5558627616656	1
17.904705857957108	1207.0876353396816	0
3.935855382760252	4027.9258708559505	1
8.523106144070757	1374.735948709337	0
21.223241472875756	64.2609541620247	0
15.68013271559698	3661.122192232141	1
4.513419406709834	1774.0250448985028	0
9.230094137896092	2939.517695968783	1
20.980417914221515	3435.105369798569	1
19.09458929660563	471.16795438178036	0
16.81356688602129	4218.566927976568	1
3.378166538482456	1308.9182782935	0
23.576834480227934	2368.285348462556	1
9.387196183839496	3382.167144368319	1
14.975412929423015	344.73380688636837	0
15.932231420595336	1530.7336983701114	0
4.980193030407818	1317.9186879765346	0
21.64975852653058	1571.4136813030768	1
10.536215375209991	366.59547583965076	0
12.807834960099132	1516.231608802811	0
0.8856710126383653	1217.627517834071	0
5.520140402643932	267.17773824054154	0
18.299955973358706	2483.1233250095675	1
17.181963372762535	2498.2007533986125	1
12.219465347833651	4397.755102007898	1
19.14461153796828	3430.4790981802794	1
13.619252213726535	1056.852290578473	0
1.650790180573642	423.4984230989944	0
7.202912195825623	2506.8402601254375	0
10.912905677702858	3604.9878696328133	1
13.357330176813367	3783.435511526656	1
0.03478715013306832	358.97015333043294	0
13.616386247420067	1320.381447682908	0
13.464387028522664	3098.070410110449	1
13.049627900892249	1369.3670850413343	0
0.5168376048978907	3500.7582077773022	1
8.57758160825902	1230.7059824481348	0
19.282910274219955	1591.962716671997	1
14.458681985631916	3501.509622302432	1
14.910750120369677	3555.0820304410618	1
1.8345240209863531	3071.966715370516	0
15.949244954237134	329.02539370923347	0
22.062553217322645	1089.4915898808242	1
17.16577239704342	2731.1796045366323	1
13.131465438985089	1658.613466502754	0
5.381627877793981	2745.1619451192096	0
16.49492306805449	4282.938481147332	1
4.3737539693959055	596.9994079001596	0
11.960389251369172	1314.2161846360484	0
21.065896525562785	1171.9576678774858	0
3.349180102569293	2622.183391608108	0
22.603015413110572	3057.1951502655425	1
18.948492295868583	1730.039790105667	1
2.9216210708644246	1426.161951423878	0
14.619507370374267	2511.212607119044	1
7.904232677573889	1677.9126730534992	0
6.449143911121651	3232.6038759019057	1
15.510131643771404	2859.6113399523397	1
6.27506787583628	970.2284984243814	0
19.103034953901606	806.8630380162417	0
14.217909634623856	1967.491150613309	1
2.163347947134465	1684.914103824963	0
18.730746417909668	3961.7257430640684	1
20.513313023701283	3559.9971129283235	1
14.487703240496252	4471.4669094108085	1
17.160755024109967	3688.0494681125006	1
12.60437015328705	3102.216757768264	1
12.696743210798875	2429.6967539467964	1
6.395504350694875	3265.003507446942	1
8.67655483784346	2009.3534761098463	0
5.620820119623785	3411.453535486381	1
15.167325101154109	2533.1238292847006	1
19.820885962055627	892.8275524248662	0
22.584244452239208	3472.7489196275874	1
12.514469467059513	3554.619995004667	1
10.264149937838162	3249.7060345180284	1
20.481141338494552	2421.371721556467	1
7.034971355599665	3289.5574448477164	1
22.592694429440947	1949.8821824616941	1
2.5894677094293046	487.72823077604744	0
22.319954472592563	2094.5917061543278	1
2.8113763832302743	1837.2664860548662	0
23.92412425999079	3555.328358368895	1
4.497555401427661	830.148186455809	0
1.6370972999245677	1736.9893871737668	0
22.650111206428537	2318.584883827618	1
8.28292407424216	3069.269015534371	1
3.0913634347726093	1559.874231684301	0
19.110532174808384	565.4732839054516	0
13.037657299584822	459.08240396179855	0
3.10455454902434	574.8290609277019	0
12.342624443822121	2068.599625158783	0
18.141016594585675	2028.12023181478	1
4.570540380267869	1727.8563387315628	0
7.377670991567454	1983.5652413770165	0
13.09731963766708	4118.641887171344	1
23.277908687300744	4172.44529362736	1
0.05736201592221324	3367.313508940451	0
10.784453760008672	934.2365839928336	0
23.463407267245604	2017.0027400041745	1
6.9928900941096686	3066.3325655685094	1
0.22118045045530454	3713.1203544435853	1
8.30897080825558	2653.8310645164806	1
10.887850524406199	607.2685921337404	0
23.921368191730103	601.4914492523408	0
12.80296295949149	4203.549315043007	1
9.930316795337196	2503.729038231649	1
22.6393079876769	2837.068929893733	1
20.47256017285711	4121.409566823228	1
2.334432841099148	2015.7416735449576	0
7.460263111834079	502.5492869107223	0
20.833644318554178	1506.137422310718	1
20.227620437088905	2494.065096752079	1
15.644496690273211	1318.77621233903	0
9.068157806007424	3580.913249036515	1
21.68131222602227	152.80837359683574	0
2.826893731253178	2343.759115146267	0
16.862794222820114	4430.801259355365	1
8.311645797624106	1161.4523458715785	0
15.076759856126888	2178.572232660702	1
19.57089766989403	3665.5606003087582	1
15.876297291115186	742.2514598781794	0
11.845559740586593	4204.825329176309	1
16.116389610879928	3129.8251125286934	1
10.991546346634768	3146.4196722942547	1
11.790463740516639	2598.7383871460074	1
2.939609044400153	3540.520987622635	1
16.593592283699657	3862.4386184208033	1
5.400293579939958	3093.755403509714	1
9.294157565512037	3611.4462699704413	1
4.649128577960661	988.5753619258029	0
9.812330325641268	979.7169239597295	0
8.181809278794582	268.71113506034	0
22.567490018362193	202.59735685029122	0
17.276277600504432	44.435629419496856	0
3.4491924385387174	1508.5927162290957	0
5.237058474454828	157.46704981662285	0
22.240406246562028	365.1538588841313	0
3.936702821668816	3308.892050299396	1
2.154517090332086	2824.0330337201503	0
9.245944295330922	217.79095042005258	0
11.553664412800806	371.1061276427953	0
2.8127760570933207	799.2242148193785	0
9.147866236325825	3629.860433145572	1
8.028004603903478	111.0282487978177	0
17.117516400197548	3335.6996442190443	1
2.1018478473554527	2462.2053158918125	0
3.1087844298641594	2810.767676368653	0
18.376625471802328	672.6800445808234	0
19.795125420606333	320.13127492174357	0
7.474545751834479	1761.2589317420575	0
17.307540874132776	3131.761825634355	1
0.8248094625319231	1538.0030294258186	0
1.8663739892187827	3221.7182065506977	0
12.720282784256607	635.2926112157488	0
0.9942362637929429	2960.631662984779	0
3.9969767562863083	2428.92125290257	0
20.929949806452164	3011.260714468011	1
17.405747545437922	4270.52773937037	1
0.8607220614410052	4230.179284112188	1
7.287590475133368	1658.8763000328656	0
1.1462568941919233	3306.5769317341164	0
22.25144451467524	1103.2181125526567	1
11.559120691350088	72.13493183401609	0
23.925615692051274	571.1843506341323	0
9.844336163475948	3297.3138703012505	1
1.3237021330835486	3222.6593880862047	0
7.143860642934267	3593.5147911206577	1
3.3039968019045993	3698.0076501655526	1
17.876178691343146	4251.366532356827	1
18.20398696042601	875.0032755746114	0
4.510327686806283	2111.1859927258765	0
2.031330994259789	465.56988921622633	0
4.464764888574245	485.5900296369941	0
6.608862874220693	405.588231949189	0
0.49227523372157833	1129.6350071119914	0
12.037399745796982	1845.3017240757292	0
10.710670316543332	1302.8243618028364	0
15.157511289666601	2837.9031116684973	1
8.559502815810816	3460.4799948488385	1
23.511985504436886	842.6688205787542	0
21.076966662721492	1079.5230697759293	0
8.75711856308562	3667.6356824971613	1
16.496902433739383	1423.8938510871549	0
10.423220363040883	2122.566227916393	0
22.43861893453826	3825.129398869366	1
12.257159700234109	1882.5775487710407	0
16.7458069487167	367.5702942319018	0
18.21283047766571	3246.6214670780764	1
14.425958415694048	2835.6475464868936	1
4.604140549553358	1582.386971507537	0
23.99780342227705	1290.2889016935953	1
12.584036722116734	3181.8088273414505	1
20.451036814651033	1386.251534346642	1
15.634752114269745	2623.48346419866	1
16.89350974833525	4485.240893091376	1
19.665218165252096	1267.453332193439	0
10.005257213472685	2148.644769480538	0
23.1216655024968	2466.547261066553	1
17.79006463631051	4128.875301229817	1
12.680867007110995	298.02740613675485	0
6.317259953117262	661.7525741861799	0
21.732093747460688	3797.559025078377	1
12.872170333904064	1256.6746600485458	0
0.48958438544032745	3749.2385487333995	1
11.010453987377538	2313.9239332281236	1
0.8193093810404308	1109.1278601601846	0
5.826321868028271	2774.975585488262	0
17.286101905358677	3593.3757348320537	1
9.821780524347673	3377.4271164544007	1
0.4480849749886602	1482.8012228430198	0
17.279888804142857	1216.6075025543319	0
18.28807676335392	348.7745082392616	0
5.839859607250688	2624.783840430459	0
6.192606227142752	3780.060875417297	1
2.7898334841418277	1651.055618999143	0
13.197385256736537	276.93412075206976	0
17.95549047109041	1995.0567779175567	1
17.68847046408493	3108.029282392176	1
22.75682134688709	271.81757575169706	0
7.965960070587681	2438.4655892462683	0
16.17090891237981	1670.6114206597906	0
21.063342263435224	3867.9087782325723	1
22.976590019884604	981.7831446125308	1
21.767301006165994	3679.659224612375	1
14.236230688331434	1616.7532983382437	0
4.674911772416111	4240.829800419628	1
18.554384949216086	3004.7074620161516	1
2.9498792392347353	500.3058956851113	0
21.886372073923702	3969.3157335915384	1
15.848131165217527	3134.0037449551664	1
9.544251410157544	3726.942774202632	1
2.9612634643994706	712.3235225715173	0
1.173942574680912	1004.5890346194071	0
13.087514853522942	3492.1768839387796	1
0.35871959772737405	174.30950043126248	0
4.106193296825821	1507.7314456772333	0
11.653865872326278	3118.4930464707045	1
2.8903657340345763	3960.087027311774	1
0.9778797174344511	325.57591579674903	0
0.7818131758491376	993.5977973778413	0
18.220217083779918	809.453448404538	0
8.055636291843342	2851.2141809609557	1
3.1547671708964486	158.0871781026902	0
15.064774102053622	3562.5596542728163	1
3.9544406313138003	2277.671273689431	0
17.289774783369026	1346.443859771262	0
13.181958954320923	1802.27779484047	0
22.665271952976763	3036.327831969992	1
13.122414055200657	163.287508883525	0
11.287754312225584	1473.7680963545963	0
3.7658333802442883	4137.591272533261	1
20.02461661434936	792.9296418620025	0
5.255545742412334	3374.3063289327933	1
9.303271280430362	205.11750131566842	0
11.718150028995122	3077.3293849791507	1
20.424805581867744	1037.1630002550835	0
22.336630378726	2103.922080902018	1
13.223688950123027	3914.4437022017664	1
6.85050891063224	1447.1572207678419	0
16.789540753866078	1268.4194157717611	0
16.18407760126085	224.31792378336513	0
10.104998291459435	4350.609747456167	1
23.532190273815253	2213.309608976656	1
6.122786464265997	3808.734765043317	1
4.537932695622658	3948.0905070602143	1
5.800334752261002	304.2606621572439	0
2.804321507204585	863.2099926824405	0
10.690959419173282	3552.898532264278	1
4.4314991392213905	2686.6076711158826	0
7.71813354290879	365.75608592891933	0
20.890889449432635	3788.0630534112265	1
13.617626956382566	177.3725903767865	0
12.262845906036027	2324.854034826105	1
6.668615184845855	3601.245266097021	1
9.36783772855604	3166.903810468035	1
9.223940329652706	664.7740532109784	0
5.360938193915744	1584.0691231146666	0
15.865833067520818	1424.3013770260536	0
10.228508811697157	2385.467868850047	1
6.1163470257801125	1377.0442379820379	0
16.751863194176583	4200.5230244957365	1
6.794267006710984	1711.6760243487713	0
7.429459025662687	3296.6277996435333	1
13.5803891520292	1647.409797090343	0
20.73264770970305	2956.3828617195686	1
20.080174516237122	1431.8992973399536	1
0.9514564781818011	252.7056690681907	0
7.131463151872824	2322.9998255696305	0
6.710597942500739	1223.125991193602	0
22.75982337691095	1136.6868921783475	1
9.662130675758302	2290.4387720094505	0
8.331571836660945	139.41343245972698	0
23.89738101048866	1668.274444238671	1
21.80462068431741	778.012478289633	0
0.07134775531027504	3545.334249971703	1
7.013284786085729	2677.3719438538355	0
3.5243503361614525	340.9118431175373	0
7.195151344415579	1813.9507568601625	0
19.55154898190915	1858.5415029247806	1
4.154861546756015	2335.526689136991	0
0.3892489418650191	130.9704347117408	0
6.335621758937849	2671.18506489996	0
1.2626165268902598	1225.9750075722714	0
5.626523505617321	4060.0608300675826	1
4.4874225452988545	2458.7103631790987	0
0.35517699144779336	208.50527005257135	0
13.02035864135005	3312.4734046619246	1
13.893783757802503	1636.5908865548054	0
6.239420968661904	839.7344104816485	0
21.392990539272645	2499.9802405590863	1
4.335527043545951	803.6192684967893	0
18.423582067447214	3532.3687550484347	1
7.6962613128637445	3799.7939874698186	1
12.913736892148071	586.7648518533656	0
20.753085785944346	2800.1009025261137	1
1.6113868718568671	1665.1489971150838	0
20.36956291484848	752.6694361784934	0
9.755058735752637	1091.7247923283169	0
15.159761486038065	577.9265877891933	0
9.015603113701564	3065.545674954501	1
1.6558420308355455	2761.7611587516826	0
5.622209942784484	3816.5657473194483	1
20.040062987311817	21.61231172783784	0
8.152943527783094	1529.1692651071103	0
19.860725011698687	4476.262469076455	1
7.661988574443676	2486.5480930640774	0
23.75724264559222	3216.339676984171	1
10.93712809174474	70.77687563422747	0
7.603536154124517	2026.7882665359682	0
2.7093241894041604	1264.9878126977594	0
11.023943305933653	2111.6923290275026	0
18.75825497923977	4425.219476237663	1
0.4695485532057768	191.43031691277963	0
5.257327850550436	692.030830427425	0
20.371352028809703	2584.304635312285	1
23.00534745573475	275.2544134484059	0
13.070349198283193	4023.1430013379986	1
23.00632560810935	3225.2626531848287	1
5.268155784877255	3660.195125595966	1
12.967331373067704	394.5659076471519	0
9.280828879715727	3253.965745119148	1
16.923892203644606	3644.3077775583147	1
12.94783253101167	1621.798569320756	0
20.714142642362972	3629.845519661094	1
1.2231471798182767	4439.715774648046	1
11.012739891920294	3756.524220063523	1
20.267408256588503	3169.4437868444134	1
19.05344187917887	1702.7660547320568	1
14.56724924877831	2928.6270917396473	1
20.975773064698615	1670.849079972837	1
15.366915080374326	925.5264974135508	0
8.544520307498654	3140.130543604225	1
14.960208823055156	2114.1847312645036	1
5.799496152715541	1651.3122889101287	0
6.244074310725733	717.9049578134997	0
2.081430280629805	935.541510696723	0
11.354408752753654	1678.6620032719038	0
2.9050139064350073	2430.154114664259	0
12.743311375162943	3982.5048082235803	1
22.09983231512388	2291.276012111086	1
9.878523923360772	2542.0045640790686	1
21.614735340972125	3433.616791090981	1
6.5674363064888475	1789.8297801723438	0
17.30530929052916	1839.9600728102234	1
3.1374534683451216	2162.159740691518	0
3.656365840171431	4222.210446724693	1
20.29247255274808	541.4714009398023	0
4.356242715154175	3870.33489462245	1
2.2640821219588103	3253.587753362821	1
6.234718362954112	3503.9318383174027	1
4.665512624479017	3662.3905506996352	1
20.719338539399352	2039.418180362011	1
15.90435172218574	3126.5190461394586	1
16.863421379200183	545.0721300342167	0
22.82738212640412	2379.2102419843072	1
16.327801081326562	1710.191637562362	1
17.48923522698696	2920.2147939251386	1
21.01515550753269	1556.805675523726	1
3.754438457575918	2961.436886658863	0
0.7343520141072863	3750.2849612544037	1
18.06052263271089	2829.508594634574	1
6.85455759834763	1065.6245238263018	0
2.822178383643924	1140.0838147683096	0
11.733491860887092	4321.3260686008525	1
13.874739105274188	3842.3500756882977	1
2.5419143231267984	570.3707478496888	0
16.353047894147448	2622.1719172549033	1
11.227542780117405	3221.5601242012103	1
0.8708075202912617	1615.492389500316	0
6.3430267655046775	1763.6911257145566	0
22.997433255748735	4074.9001941059155	1
8.637480306199784	3419.3318356238606	1
22.112144654648784	3858.2937364431314	1
20.005679423051653	3185.1088739240804	1
18.605890352995274	469.8014518056864	0
23.700655908939076	2725.053534236136	1
7.780740347586536	481.3610532618867	0
20.68763450008676	4328.8297636019115	1
11.497378751336223	710.1897960705	0
12.9009536029863	163.19993774103153	0
12.619821473131516	32.15911106222347	0
20.056734621034185	1278.8449132302069	0
12.308342590794616	814.1282215579827	0
18.86842960069748	883.7635419070444	0
11.613607272066448	2079.461564859226	0
8.497727372916863	138.02630137633065	0
18.671039721818566	986.6079514788685	0
8.548850100238646	1880.6967629819521	0
0.00588218908997451	332.7008623941669	0
10.350329695656402	1411.5179770008892	0
1.627651621785752	1040.9589874116434	0
7.981005679339123	43.984225591290226	0
3.875392057456202	148.52670707898545	0
4.8716628389654995	499.27492081418853	0
13.817192527951974	4036.5030409942533	1
13.73787859220614	288.17728319031323	0
13.958138582825995	4263.492589556899	1
4.62872839021061	158.52071103390708	0
8.710995284694299	3103.285355772064	1
6.00970713756537	2982.1495830936997	1
5.473216177473576	3625.7311272857396	1
4.961503641137492	1366.3845294919302	0
0.17318393630897422	1757.5189373414084	0
8.21985515036793	4330.255330498209	1
10.288250749299579	1466.9041684044587	0
22.571479301883127	1060.2809705968057	1
0.46369150415143423	850.5599191401174	0
1.6449039588164593	3168.2830551272164	0
1.8684270281489797	3068.1415875637135	0
16.576037746079173	3115.776268295681	1
4.18688440249677	1717.8310581539	0
16.074441048589335	2562.1077438007446	1
1.6273758068232826	3205.0508901504477	0
3.3752873228082017	1163.681713634143	0
5.934221178849579	2095.2766220306266	0
13.410130033342227	266.8916302977996	0
10.47689109859241	1706.8733376225648	0
13.884939848862594	152.97565079240343	0
19.387654846012808	3904.4188901562193	1
6.091835154856321	3439.5142329985792	1
5.675057402247611	924.0162197421655	0
3.7739310476834182	1760.7934226558762	0
14.606785287944213	1813.9044759668793	0
23.188056289848703	1925.9293227225437	1
9.961213683189625	4229.541602031266	1
8.437080539251788	4197.834650752287	1
5.593593364007708	727.9114652942654	0
23.27472603442591	447.20861149732775	0
22.620667075034323	2182.5524161924654	1
13.004727345894816	3289.5530568591125	1
21.77148071244829	83.39613671820084	0
15.070273169021446	1050.7950112415892	0
7.034062178244884	392.1212390067646	0
20.05227487721139	2893.903610370745	1
23.878309601747713	230.10226784621395	0
23.776850443453355	4368.40119905361	1
4.179037186132016	1545.1415624496408	0
10.736866409497367	452.3527948220236	0
15.469275489019687	1958.1430427762593	1
19.415652677219242	1462.6603608597459	1
21.669994021998715	1444.5747585982122	1
23.44884749096951	1093.8057983558194	1
20.10014489335863	431.9438219661151	0
3.0184618439294235	3623.2700631439743	1
0.6759512650784005	4377.598058040976	1
20.736198813033617	1944.3964372992848	1
4.191406635151922	3850.06340653779	1
13.8885064943281	2902.494972781294	1
7.46814756033699	3313.037538953277	1
21.947355938884233	1049.5048953680864	0
5.300555833406155	3204.183167390812	1
17.996416173635758	1961.4972114593936	1
7.612662230505154	2711.9077483475144	1
19.72762497213196	2866.3757929158646	1
8.814268657019289	1325.2703957201468	0
2.634652091299353	745.9579975366842	0
1.4972359368962778	2675.19893538031	0
20.809453858664387	3900.2875925876665	1
4.034354348163748	2000.840435241431	0
8.426721338203325	3817.6647654033977	1
17.065187732647072	2373.5660372091606	1
8.45907589045747	4306.8355945050835	1
11.255844523042294	1250.315454211499	0
2.3092743909691142	4268.873308073427	1
6.999020179654116	410.7537451343552	0
22.851706730531706	564.6838808150601	0
7.0801118799356555	2272.4280895074176	0
16.087765648659712	827.8598802394118	0
9.185397633141951	3786.489659133184	1
11.010233909848722	4274.921234614969	1
6.003620478649634	2352.463477469581	0
21.53397687550331	3549.7804231216423	1
19.126070362117716	93.58609582523214	0
10.243716297423411	4206.026599821053	1
1.4424727360949348	465.890265103747	0
6.171146761690268	3017.107229395618	1
20.465992571917017	2718.807079370552	1
0.7425508853137055	2924.6671680566183	0
9.204887308245993	3347.854880815452	1
18.591088085743248	4345.328358806664	1
14.211790863101307	570.2031687924679	0
19.131804268003123	1413.211877325841	1
0.3511426894189098	3509.753356912996	1
22.310737636210984	4269.783093076775	1
23.40351818184364	804.1350049698838	0
3.1173815073727456	2532.422426374692	0
11.299170751567097	2321.309543651595	1
12.301929203760743	3368.2471598688862	1
21.44026032189932	471.4049576710494	0
8.909226240419839	4335.359605225152	1
2.2572415890334296	596.6393520913231	0
2.5843596354851526	691.1515824286386	0
11.996667382641622	1626.582013336588	0
7.626776105871465	802.4380445534985	0
12.045813263472914	3032.8238728407937	1
8.92175246591092	3848.203693480804	1
20.58428226534094	1324.9923098925933	1
19.21101578747774	1729.4791321627447	1
6.568136390265134	4001.7686453400784	1
13.071743226459963	486.27361973139233	0
23.84834738750557	2769.6912280914958	1
0.7937758872191019	4167.670624109165	1
7.795085236502358	3865.0639770445064	1
8.494622384715068	2366.7984762408364	0
7.064760286516205	3955.317071607224	1
16.101251873778345	868.2915761704321	0
0.6337284093489561	83.38180194606504	0
4.445417027705445	968.9805289534056	0
12.547981662942757	3204.888103907491	1
18.44072549645457	1814.4427621792565	1
14.38628147932155	3043.7406870235586	1
3.8942296934516563	4475.1203406813365	1
15.806696183882984	2004.604399923115	1
17.011068147149054	522.1152562668509	0
22.78601095814275	2067.57154904031	1
2.4465807930957526	1996.8477466446059	0
17.326067096196027	4315.356077646411	1
21.3094506255284	854.9526301098593	0
11.329872945163398	4293.507580064276	1
23.37562706414936	2944.7904480718144	1
0.8842632452644841	1816.442748025186	0
1.9104687133876386	1460.5000200922032	0
6.7374576648374065	3548.046218063561	1
12.810779884232296	2058.309806623827	0
3.051233834127129	4402.229833208045	1
6.838802942753929	4046.3714572675126	1
22.047378208995223	3377.0297034988776	1
22.59184320387188	4422.369809164204	1
5.56310258125729	1666.4215491436096	0
18.579858972714078	697.8170584153874	0
23.51155198095617	615.1259600176604	0
6.685638803077097	1331.856086404838	0
21.916475638026796	4026.6871727421358	1
21.22960229818768	4315.926620927425	1
5.02465319796993	2319.16313685494	0
22.655521916743073	134.27225774343253	0
17.73171606863732	3543.260400523222	1
13.517250353590919	3761.446453518842	1
6.731749108241822	2598.7388011661683	0
21.012573296448018	4013.3507587991503	1
0.018031877951993458	4207.393372212042	1
9.727379930359945	2797.468474520837	1
0.2828751656173498	4141.755953489445	1
7.947620059135421	2433.2238108044994	0
17.818669744989226	3113.9119299523472	1
16.10500812724147	236.40432562575603	0
19.980269099367263	20.76271747451702	0
20.059258536061424	647.5881660489614	0
16.886447671473746	428.0110872535794	0
12.652766361104339	2434.3090941181727	1
5.541736441247202	1256.5755686679258	0
18.154940451371054	948.876033104781	0
17.178509377014308	702.6004574797481	0
13.050437978657127	829.4556319813311	0
6.975771041930245	3345.4042923844095	1
5.0997156780324415	2509.825201782854	0
19.8226599102734	225.4310532112642	0
17.855693563442475	1397.5730783472247	0
23.10970167724836	417.65879909787265	0
11.855962752382975	2110.021051146352	0
11.754115893422956	1362.1646399466458	0
3.135925306762979	2253.960117070602	0
2.411501554803321	1545.3369069448179	0
21.06132621106403	303.11837593695236	0
10.427117715435589	3368.2025179814614	1
9.92080124886171	2087.7608847466186	0
7.806971114779264	2131.970859880525	0
16.392730965281572	2604.6778159392766	1
11.875590755662039	2258.1811505087144	1
7.942923605406104	1489.5827324755462	0
1.5833783445411553	578.0673718579176	0
18.61795057322445	666.0693495175626	0
19.91455737152549	3806.09913000365	1
23.91421831713581	480.86652406878596	0
0.9850486797168889	4123.263930843069	1
4.821584958969389	14.630951559392201	0
6.787181536006715	523.6904558267399	0
8.911426778122387	1707.2526450578582	0
22.580250354381377	2318.960223822965	1
8.906291203999938	1471.2839650245267	0
20.16126243266339	2847.3872118197924	1
3.9115228939066293	3167.135083225037	1
19.99337654896372	3377.1806505038544	1
21.08818242552874	932.8118811734685	0
13.945105378376862	1672.1175241947524	0
3.2798386250295586	1232.5410313407383	0
1.069888325412097	4186.661755436778	1
21.68691397464662	4471.087646545028	1
3.1241403065199007	3074.783883946499	0
13.015653437661136	3398.234504553979	1
22.63067374268971	1314.0684598436192	1
1.5369289068574536	2533.8388483523245	0
8.378646256896356	3370.108330916531	1
2.300162011806088	3538.429104398512	1
18.569977054924617	4064.0868629034744	1
21.360803065492405	508.8995597198133	0
19.93872621169718	3465.778205823724	1
4.428280187680979	749.5429816323234	0
3.14731206647859	1036.595021232788	0
16.433315366641494	274.84582450926035	0
22.71821837532867	962.698558868167	0
4.086157580906702	2630.2008973507736	0
2.440875528453377	193.51612881286744	0
12.084015094171207	3904.3053406281347	1
7.659424763343647	3585.191880390238	1
9.520386346176785	985.6126385514515	0
23.32122498339627	427.3317562397959	0
11.930147558844943	147.9884846438877	0
4.318541960644305	4146.197269112099	1
0.5564214599625563	743.4400749641162	0
22.486029366858745	3118.710657348864	1
22.881465401799716	4345.0177131776845	1
10.96966856909567	739.4301936154951	0
0.08869668865116509	512.1318502184197	0
17.260213089905793	1163.3243025831016	0
23.624920324625123	2153.1870708166884	1
13.792983459529133	2772.3377350591454	1
17.904502425888822	2966.3387449604656	1
23.536150638404635	2049.0133950099444	1
17.529668727606158	2628.1754372501996	1
0.19309707161511547	3619.486966899925	1
13.324501724895796	688.7747682869182	0
2.5417866257458757	1546.2671637562883	0
12.864532381011	4156.380288000854	1
3.752335596324082	3620.644278667389	1
18.23307092911807	429.59423640682644	0
13.586786832218571	1477.0952989282596	0
15.970649977337441	2340.2758526731704	1
21.237788506436903	1599.6914596255751	1
2.3196671070847907	2191.805040526811	0
21.31154262314177	3472.712242982379	1
0.3661667970829292	2269.4501561431284	0
20.56919929773643	1598.020945308409	1
5.680659981421077	4330.541393557142	1
17.674254553240896	602.2780955030956	0
18.00757994488733	883.0994084112705	0
19.068480347471418	1680.4330677142623	1
22.292719867070204	2008.7377821585403	1
15.346636022069593	1333.6717501304122	0
17.364820337959284	111.02968369330613	0
9.91083045924994	1162.081541840788	0
19.68982077790985	705.6661140301883	0
10.90233746787894	4114.40882508719	1
20.2814223470588	2536.7535920806536	1
15.898610825127955	3374.0992744118007	1
5.368926731878682	1000.1804168677395	0
4.856903509845807	2926.433061234561	0
8.721841745555352	1731.7129745693862	0
5.879291763007795	121.67221669729645	0
13.969461128236485	3133.1848937278996	1
21.8560128108459	1258.7927641997942	1
21.86061042879166	761.3375256039132	0
5.117685618578785	3761.6434554894286	1
7.779868963636889	1700.6315463938495	0
10.81444898987246	2383.3854086976016	1
22.65418131997444	2091.3799842686517	1
11.035947839312673	4345.755759541166	1
5.904264778036493	2980.754048474885	1
14.893565900313845	2578.1394200084997	1
5.905000582856543	2486.082513341421	0
8.311829108169448	2494.742134683593	0
2.8722304528351996	3140.6758181870696	0
14.940000600264554	1675.291886550381	0
23.71250747115408	2947.959250310885	1
10.688935718829665	594.5933411006225	0
9.996918523286887	3658.6002232004776	1
3.813501063291671	2960.0998949474056	0
13.242082043648779	3915.455227665392	1
20.429180716927974	1314.2113879902927	1
23.475785005089577	3559.4862807793993	1
5.509864285285915	3151.011036964744	1
14.391403017578462	3525.882460236486	1
14.6541570194899	1503.6374025288553	0
7.926785369270005	2751.331043597373	1
2.5896028990344124	3393.319090096227	1
19.311519922045427	3769.0966112281035	1
10.404705846257606	3393.6752523188024	1
12.609532413138325	2609.536410271719	1
0.12230555486524963	4314.944659097486	1
9.31526362276665	1139.2721215325032	0
8.908187327603637	1561.71219234545	0
18.859367295690838	2440.079287582969	1
1.365625997286136	1460.3904230481985	0
23.63984492578249	3996.5282051206937	1
17.158571951200766	4460.777772493592	1
20.79101540043332	3600.805432045622	1
11.254762256348226	4151.024380428853	1
4.716500533975507	3965.2954389557117	1
3.8735109082340244	172.78749289826217	0
21.259238253372	1714.4779476320014	1
6.063241128955954	3734.498585602418	1
19.943437069910274	4379.701109971848	1
15.110346357194892	1566.7025406389043	0
6.20831459138809	164.7595035767797	0
0.8434782336409246	1516.1373997742667	0
12.267257999462913	1458.0730463498003	0
0.0007226746973216791	1449.7660448087263	0
18.653771647353693	4318.913178725112	1
22.647915482961643	1966.8731287194767	1
14.436815321538377	4314.788000870353	1
0.8831439372973717	576.0182349126643	0
1.2387866380598451	2490.205316610569	0
16.40526526198177	3290.988063972923	1
14.31034675269455	1103.8289024826981	0
6.171871209215128	813.0901274766936	0
13.833890182059337	4034.281839156479	1
19.83586190209811	3972.615977932856	1
5.264565305362282	309.6501053739503	0
8.21540760470705	962.5040895766234	0
17.04141760857076	192.59513321742483	0
13.698833482705968	3023.377888504058	1
16.321668264697713	2451.158088303926	1
14.363293469606308	852.9908696482615	0
13.827701636862027	2941.761396185868	1
6.97501839801031	321.4745223427645	0
7.6399858065867505	4012.392491435504	1
14.245127866057885	65.3175299880383	0
19.776237484336733	1243.103686025043	0
11.512704538546753	2611.2305224322863	1
4.230746199258778	3887.9534687263745	1
11.11512264511822	4428.750841192584	1
17.445830025424506	1974.8504005893726	1
10.592208332289808	2448.125035116959	1
16.825029872125096	838.8941668349687	0
20.324849144988235	254.72809222000313	0
22.96943903873174	1783.721352278591	1
1.2191610336390504	3735.035928941429	1
4.719828066688255	1977.091037732501	0
20.246623677906577	2031.347811812298	1
5.183144406655693	1307.0603079133505	0
6.705679966605049	739.3902169136343	0
15.976803226065728	407.368204712197	0
16.35359738390551	1544.4756691757525	0
15.546066207436787	1559.8373597863183	0
11.892350084595517	203.3696703603823	0
18.79950127920432	4427.60156460361	1
8.43169187567751	1164.561641495397	0
18.989286248638273	1979.7512985390913	1
13.232135886532957	2595.126298178084	1
9.935132817458266	2049.2018993135434	0
5.9803759470443	3541.0583095211427	1
23.862782502936625	4197.7187178392005	1
2.638551777075052	638.3948115776858	0
14.497112633498855	1373.9396217328176	0
0.2493423659033187	0.5078056218771332	0
4.528880764915632	1053.9068124101832	0
3.4439560553872717	2712.128567417301	0
18.708385150232203	3200.3050453409337	1
14.065906929396972	890.130673370446	0
6.581867799567479	448.08861800097964	0
21.55884865561087	2867.0278751489186	1
11.123552233929017	4127.954232719366	1
17.259612340973472	3241.205760508309	1
23.621219151884457	1109.5872257193728	1
4.779750397900106	1719.7530722111148	0
2.2333300409483874	3914.6101037274107	1
20.044979779388576	2410.001420874241	1
19.495214578325616	985.266739474291	0
6.591331252279143	1702.2354206712644	0
1.439152930741841	3631.2202012131584	1
21.874488145214585	3446.357779059439	1
3.4766245616513576	3081.0494530420297	0
22.12639401700875	1434.3521710491218	1
18.154288554468028	1811.89972399295	1
16.292938432408302	2135.956443606416	1
14.877455146538349	2036.49524997383	1
23.249273216284312	324.5426044408718	0
22.25041777207334	3189.991204493029	1
20.02625030948008	848.1498176899513	0
13.207900143006489	2670.388822966692	1
2.1961715441747565	4137.1631415326265	1
10.205524258905118	1061.8041876759207	0
18.317422455881754	3291.300808604278	1
5.422450503465774	3060.2272608930907	1
18.254347316060993	1704.7293474311475	1
20.806126172891815	3891.1586124814194	1
3.428536515952727	1169.2266727790573	0
15.272455104624116	3659.289553535758	1
21.48969975548886	770.8508874077263	0
9.18436658712966	183.68640968201393	0
16.65222829891659	645.1566170211744	0
10.905976001821344	2536.7704063648384	1
3.6178967730564295	3215.5453601054523	1
13.119876372205905	1341.4249799131399	0
20.749992584581708	3550.2020086059483	1
19.929955715571687	4382.285534530698	1
20.363846811913707	2281.7642184653846	1
14.019418790302264	3906.727426398071	1
16.54955160562617	857.4504447588416	0
17.66255886753413	3138.889972426052	1
22.31800146873886	1993.542152701193	1
8.170632200664452	66.40513017716843	0
0.2821138015069442	1101.730917416297	0
23.472376362729023	1081.878001715296	1
19.205795921494538	3264.0642057970913	1
5.2027916013902455	4096.503904925377	1
21.885778519979063	1950.5031308792027	1
10.53497603165937	357.67003962368887	0
16.85082719008526	1488.713425678117	0
5.616057623941754	1742.8515175741063	0
1.8254831014179924	356.0209502453991	0
10.347524974412813	1173.537260297219	0
8.189573552278958	532.9301234663228	0
16.210382424244717	705.7403487469854	0
12.25357417862447	2696.880229569292	1
5.040878918430102	2985.1444768187716	1
7.552154958265096	503.1789964113334	0
8.039722311875753	272.42390187269757	0
15.413370075293994	115.46394147408712	0
21.921036913196232	3609.0834039744227	1
22.486260907487548	1742.2217124040553	1
22.42065013901422	18.551463351402674	0
19.53112021335907	2121.509827220989	1
6.738942000108969	4453.950382079	1
19.677938904520367	2165.824977900494	1
14.594600255283549	2163.5700715637463	1
1.4537664875024348	2790.243733326394	0
5.4217107958977255	1389.1630437357164	0
0.9420435239263485	1030.7683549190108	0
11.166852493835831	273.3106367088441	0
17.716411533202333	4009.627619346851	1
4.099547652196968	449.3785266160565	0
0.443236524207375	2762.7027391568904	0
13.698221500980663	57.34616648629704	0
17.116221106960772	1606.4632825968315	0
23.13774877413079	3702.3299276324133	1
2.8166540728782152	217.9590489137323	0
4.414725862665554	3303.9832822990816	1
2.2772759232404223	204.24814694705157	0
9.733174882522192	2743.4060882649983	1
0.8405202989369567	661.902938589504	0
0.4152507365601181	2645.3031196404054	0
2.449718879438983	1597.6114822392394	0
10.313545275048384	208.6947323456506	0
9.340386904547717	64.07509369698128	0
19.667630595679878	3219.530274859812	1
13.809963999765495	2701.2313657344102	1
14.653496952313649	3559.5666234231235	1
20.271018995919025	2076.278288337004	1
14.725881040919761	2925.643658968015	1
2.885025405650709	782.295979585967	0
10.63156456241968	2210.326808292682	0
13.916060418492993	2055.246955235525	1
14.172701736822129	1249.5482913937037	0
16.23556232468915	631.2194694469886	0
20.71069987726669	1683.6876776381691	1
10.091677335125496	1213.3032941599722	0
15.120847077441873	1753.1289306171286	0
2.0283628573577666	3376.8020811907877	1
10.836636271208745	4232.58767614071	1
5.550499431060232	4458.024503340657	1
11.255045206524859	3364.360915993785	1
12.064907664673886	1205.787016912665	0
16.46897539386419	3791.6626665131707	1
23.140143616955218	967.9262759886874	1
8.010694231454295	1319.920485071438	0
21.794503121705638	2580.3683432803828	1
1.6953832744136372	3291.157768576251	0
12.994381839208863	3563.73426893887	1
17.43842158198981	1906.614312626966	1
11.568993874665916	2486.515893917935	1
10.31201832665726	3072.5606849138103	1
0.449400573158643	2104.0353626208685	0
14.571618863270263	2750.2505462111053	1
16.85626838732713	1418.1038515059684	0
17.601756690618117	2534.238040651431	1
20.479431270663802	3553.2611901281393	1
2.6248629245154955	2289.213416337611	0
17.014463320751197	653.2956319359919	0
4.435592992118737	3738.134222370007	1
19.880312357469624	14.85846280562214	0
8.019820478494063	3814.7212873975122	1
5.534995685834481	1678.987960369561	0
9.30889449893954	3273.869133824268	1
9.610251835884696	1452.9591736395387	0
2.677141035251789	2353.3889082758074	0
17.53981471890498	1469.1553840079594	0
6.932703872155605	106.71432074210274	0
23.84234539302323	309.6594771185696	0
1.998522635707249	3311.143909619032	1
17.911782139880017	1782.2288753778532	1
20.898556551440027	1216.5332976174632	1
21.432415450293927	4419.683297469632	1
15.172232099834929	161.7928158944359	0
11.124627133608804	122.27706856354564	0
5.732929040669379	2800.6320162928128	0
15.020343929191588	2003.8481500649254	1
1.0164920042358911	2044.5797057738666	0
2.2653923487648795	2832.2143699724897	0
2.769131856113492	3771.405318183748	1
4.190662911515899	72.83900666117188	0
11.869255878400384	558.9280077696943	0
22.09011727429484	3644.7873144897276	1
12.847471195009788	1287.8404410720566	0
14.803292419003892	467.9627573959887	0
5.386966482419526	833.4743219366947	0
15.782839180490221	2727.5001105668853	1
5.404512578103159	4234.760962262031	1
2.4884961300485324	1542.551408448408	0
8.180594131193281	2614.581329314592	1
4.660222645937357	1882.8498200019687	0
9.862581847688798	1929.2915615305687	0
2.7391292613776663	1482.5881843795396	0
0.08147490924138356	3529.1240142678676	1
7.697640804960088	2410.148347473157	0
6.458407146596072	4494.842715893992	1
13.763246675028192	2580.7858428919376	1
6.057855546247642	3375.837950338432	1
23.86722851305766	1071.4462801730099	1
22.737291188159574	2282.880073168214	1
0.6976776461264169	2796.0570254571876	0
4.788868483294955	33.038144849816156	0
20.410310104427616	1313.8047367924592	1
0.5086200060950139	2912.9156765001057	0
21.141757682727658	3369.925280163346	1
19.622853943382268	3617.7508980593498	1
17.927187941324355	2046.6703567421712	1
20.997983313926678	2870.1254471868338	1
22.83752973500378	2297.708618985447	1
2.102204792995762	3254.5678119139657	0
19.691593821999405	209.87885078056644	0
