17.51260173495173	4058.5606367665073	1
3.9248801332975862	401.6020590151459	0
8.959399484035774	2601.4185339047854	1
6.1168591127432475	490.15749418817916	0
12.294437954610595	1923.0547732642492	0
0.9089343826639684	1073.6334122597693	0
8.473603998738948	2830.7252144533386	1
8.33979432198987	3998.679533452656	1
10.4378838887679	4277.025784572462	1
0.6588862907492041	2849.361155741217	0
10.109573604447206	1808.5424339484798	0
17.772836314975425	3819.414616048474	1
2.1638232982796657	3803.4055649848237	1
13.60692683299743	2585.347174879748	1
5.960922132918588	2781.964884650148	0
21.67461683806914	3048.8052232262226	1
1.5171304528492584	1695.0964962063326	0
11.303574124887914	2188.710980912251	0
16.93393333052945	2745.5583698979913	1
15.324139145555586	851.3612560264447	0
2.9484588975450707	164.28646765314713	0
15.86086767971629	3220.0219604587096	1
17.233888925697983	857.4809255275836	0
20.945019530554315	3784.063699951685	1
12.140053760472021	3576.779361102262	1
13.613805598728819	917.905616838477	0
10.73038959852715	1494.1091954068495	0
8.72235120403758	851.7936648099827	0
1.0791087489091655	552.0201564753635	0
10.495882725581705	3846.38763172993	1
23.169987888952257	2602.5630730996672	1
5.301871153962382	1392.9024097049396	0
16.187284638066036	3981.506377525741	1
14.302375858191905	701.0575270609339	0
7.863730975009297	1334.5683779044252	0
9.140103242334677	4053.8989919475584	1
19.84041390944482	3019.3597131715987	1
20.702206889065117	4376.177345929019	1
9.69070500328799	919.475558903964	0
2.096354104938828	987.1690928019142	0
10.567902413032236	686.2257189449502	0
16.73231806791222	107.57579583544936	0
4.536083732946724	3925.487492614979	1
3.380437771424778	3547.7279641409255	1
22.54056152313757	1407.5781673922286	1
14.984119508040937	2689.969305416565	1
4.817961371822514	1586.966534561083	0
18.095284988755708	9.519382815298073	0
6.096031038108465	2306.0053763801116	0
5.523331853027533	16.454111925830684	0
23.08257911248498	1360.585612981251	1
3.8701134533317028	1359.0119680987573	0
15.715994380377047	504.1853000621153	0
14.803156714087034	3443.1392041066697	1
9.50468124559918	341.8831495871836	0
10.96538683119516	197.0022928449985	0
7.853915356343725	1004.723366924056	0
16.1204600249173	1886.5327653552388	1
23.52556960718447	3974.7860708050903	1
20.80472987917025	1209.5139402172365	0
13.694804559171946	440.6661894101386	0
15.668936303858223	1929.6961894074755	1
12.168234709603766	87.47572615578304	0
2.7687976057432033	1210.8751254707572	0
16.30590768517195	3553.9678899893174	1
21.41283890331809	2005.2079859987018	1
7.1678966776645305	3729.8674619129883	1
10.042120214513265	1124.0004732182285	0
17.799112995406162	4418.2262815925005	1
20.87008124556955	1143.677256235355	0
14.700717364078322	703.2745676202604	0
13.749617036509498	626.9676060326029	0
14.7659116861305	460.02283000911063	0
20.343587550913426	1432.26129649373	1
9.898429970110795	2522.820844579576	1
10.537956929005697	3305.486359029943	1
11.51904928002488	989.4115953303268	0
18.419076659581577	2785.9587252108054	1
13.393295000214946	192.20088205892955	0
13.007091061453867	3619.8740081936353	1
20.180681049961464	1585.866850279833	1
4.772529660552782	4287.07139606912	1
15.443033240199185	4450.144467931917	1
1.297577966086438	366.41382148967307	0
1.1266703987495656	1927.4056353929127	0
10.254102529194515	4158.847034186874	1
19.749367442674313	329.2520697064574	0
3.2618370471415563	4481.273238400975	1
14.828063681857351	2395.166779017871	1
14.629708724224358	4423.712669811241	1
9.116658356793518	3945.6045956879543	1
15.225928121139468	3406.967390432233	1
23.420052015749867	1263.9840508895736	1
12.0984475567832	2224.8480247266602	1
23.493750502781868	2445.633168164997	1
9.942433512880484	3112.763490388353	1
9.954195853428407	4259.987277246859	1
21.615049670167565	747.3431134547089	0
9.070144446172405	1317.4323409667966	0
19.039185919800957	2465.8864619460815	1
16.254178459074875	2608.8959093601816	1
22.79314396663917	2588.4470505067115	1
16.857329738810265	651.9812672327249	0
23.028590670368246	1894.0254761061067	1
11.501403514156737	4058.264167930143	1
21.1868570808371	1933.2664050390804	1
19.31699331273895	3600.9385710041433	1
14.004835579284855	678.5104471317972	0
5.794512161372716	3585.253278137431	1
4.656066792633274	2850.0544740337773	0
21.85246752663934	3572.9494963126344	1
1.866071489793863	720.5204255348234	0
7.7487328980599335	3237.409247304781	1
0.505667342610832	2544.5787457474426	0
19.377554036410825	1142.1207487086604	0
13.017365470406206	382.83041515879233	0
18.246151396171122	421.125268764114	0
23.837640260681585	2999.1539364791392	1
6.576249254018426	1616.431793077427	0
20.998357348223212	1127.9821498866702	0
21.387775309321405	2203.833882994347	1
3.1928980456843794	4299.328645686147	1
11.106990407749926	4073.055141191446	1
23.53070937703128	3138.1176418877462	1
4.031594363059684	2994.823326528751	0
4.036068053666929	178.8793478827756	0
9.933364095947901	1995.6663385184356	0
20.052482256107233	989.8511540630251	0
14.140533925814928	3679.907168930268	1
0.4663008899992649	3714.8438317883188	1
9.131608356771945	3853.2849649050027	1
19.395011829354026	4194.188943203623	1
16.64852545368626	619.374484480155	0
18.304046538774838	2572.998704981416	1
23.045509067978873	2191.6786971116967	1
20.741564320393056	4440.683559558722	1
6.003407938152382	3460.9224170854545	1
11.723172109797622	324.54554659410286	0
20.74133391416765	2777.9212968106654	1
18.022070281325902	3713.8305173365015	1
19.993545378933554	4491.744941505101	1
3.639059745573763	3397.442257248641	1
9.922404380488905	2105.9249701031454	0
1.4880168153488347	4190.963052847668	1
18.518379993924754	2863.9812517888745	1
16.549671004701914	2821.008347048233	1
22.876963739003074	1501.5751671418793	1
19.17489898732562	2959.4230021038843	1
13.372700351464179	150.2190444223439	0
15.835990084222896	1722.3859664899583	0
19.462008996861485	2789.7941702518956	1
10.312248381832884	3819.3492995834695	1
16.960459937509434	3646.3965722726484	1
13.823686781739376	1075.4985305752884	0
13.82598930303314	1156.968574004444	0
13.5676427574126	1761.2636109169366	0
5.603030686364391	330.9718062303258	0
2.484703934442665	4132.046870362623	1
13.55351510734458	653.009401939937	0
17.35627206511336	1041.6654348372087	0
4.084484675466575	207.31508637128238	0
16.766801230014153	2366.5906588402077	1
16.686454691673003	4004.5391700039927	1
7.243071043413768	1293.9327107960578	0
17.597692265604948	4365.714088389377	1
20.915422237689903	2442.937134248432	1
1.5373968341661435	1691.5395909680947	0
22.39412764288366	583.0305724987495	0
2.4348372530637628	2061.867861899053	0
3.652890414989173	3755.8079701115626	1
20.177719337798873	2666.9780468141735	1
21.82703285828824	4153.24140510342	1
2.497160063032272	3412.123433593038	1
7.012451990475317	1918.6439128577024	0
1.393826501971942	3457.808589592013	1
6.714943238686929	3408.9119541037007	1
23.153715503641838	3697.978986306755	1
18.41451022831183	2359.434364880984	1
11.16244917716234	644.0712593242353	0
4.6656813361921285	3777.8787702586224	1
15.436640843578338	2743.489126829556	1
19.608254525982748	1561.3073406911544	1
22.52349913919354	4484.617662340257	1
10.825078847227605	1397.4630232636164	0
17.8742004539276	2140.076817749763	1
2.662469166865411	2980.282554861669	0
11.246937004440415	3728.0653283443644	1
19.940688806171934	651.1610658252024	0
13.576663870179962	112.28447296420768	0
4.4283525617456965	3697.521120664696	1
10.797773338860358	3367.689394653214	1
13.165008028514183	3561.4063613637795	1
16.95217818567371	670.6705042549286	0
22.782641548632576	3570.6620981837864	1
20.51590088423422	450.2726833217989	0
1.845782177458747	487.6121125857758	0
7.655795843936909	3356.8695630167144	1
5.752166203560763	51.78200152881468	0
8.0040108217865	1330.9970017211574	0
21.387407463486554	4408.405166582022	1
19.795467823591054	3027.31983967951	1
18.168189367059608	1104.2348061200478	0
5.344307262000105	3979.7775563888663	1
5.477898893044324	2864.6801810436245	0
20.610724778983997	804.9599324889555	0
5.154025467909722	1452.9042502514562	0
20.56619068894821	1591.4550506316982	1
2.971978115818078	3421.1995686249084	1
23.553626752446437	1945.7751783777774	1
19.560479683937906	1670.5677810854065	1
11.927362140953917	4428.44576025238	1
3.8277100084159414	4141.439439187581	1
23.594772907106744	274.1299372373802	0
19.57709574814316	1871.937772422454	1
4.669604736804493	1921.2903873224075	0
10.161708893691213	2275.3411083036603	0
16.76901972645832	3819.6075609786903	1
16.309888035257156	2995.9017015516897	1
1.289884339802545	540.1859790112503	0
13.438476331298649	2523.3895024121325	1
6.122256342655305	2971.92283277599	1
20.45193156541014	2051.2859517946845	1
3.339370879361586	3031.1627591529004	0
5.3722595353791505	3619.17353581427	1
17.654684196054934	4449.471449172937	1
6.22161262373167	1382.3049206778562	0
20.51400777281088	2774.8748563048593	1
3.8652055579919953	1805.887010675338	0
6.609452451662867	965.4756407716918	0
9.073075043468489	2252.875407269861	0
13.797147393982828	2273.0086066922104	1
1.991804693602158	2092.8563503558985	0
19.796886358072104	4338.303909760891	1
0.688373870512228	251.8566910739816	0
4.112973901931668	4430.259687378754	1
22.829893972073926	2756.9356798475555	1
19.631491543754233	1508.769793953262	1
17.82926487023463	589.1472214783935	0
20.433097910543264	1747.3240414707368	1
15.941145191916782	4161.810142423832	1
8.12549586913375	3348.7731703730155	1
10.735928950523785	694.9568777767436	0
9.757908341778746	3140.1019100148574	1
12.792950821858978	304.431878965745	0
1.7583199453560336	3526.136792748395	1
12.456235789867147	1372.7465383308277	0
13.23221675067316	708.917109959608	0
13.402395010868815	4236.720940130057	1
5.185422641765881	3717.468255974655	1
5.959289886012419	1400.188347519034	0
22.075437034204274	3621.650551024516	1
19.031982814770117	2905.6820511206106	1
7.904943533188466	1792.9982340961285	0
11.79608515354165	1449.5132229894818	0
19.504256222943013	2160.2183297772776	1
14.301377162755431	2188.0903838490913	1
5.645333517385709	116.48588735457405	0
22.098607287542706	2077.182017403216	1
22.082022289560985	530.9593410009613	0
18.54347497434066	1235.0740843636734	0
10.021093944636974	3262.780602876201	1
16.848513118613205	1448.1054056345074	0
21.698776010333404	1925.3608964664686	1
15.940191204438014	1102.685752913887	0
22.923346639172387	1702.2919708579184	1
12.010370068935721	3193.672463527874	1
13.425874705283434	290.33787982197646	0
20.20692967743754	3384.6855409701398	1
20.668629661960537	918.8480288796665	0
20.78773001783553	4484.3400729196655	1
10.119471263270224	4494.119625778991	1
21.74414186163982	1233.12180462846	1
3.7226335109047115	1770.2159695538835	0
0.8249096165749714	3784.359597032003	1
4.105486797867328	3961.0599442664784	1
11.03096389793727	463.5336921257947	0
4.805169757756065	270.2855159516435	0
15.23969943428175	888.5136961485947	0
20.924240337960264	458.67443589538874	0
8.385776722041394	3613.5438438852907	1
14.152909292485043	900.506675259714	0
11.2838827844264	1269.5158547170945	0
1.0729937917252181	2877.5563539752334	0
11.412831514944571	1059.3364045988142	0
22.06740941257352	599.1098763861469	0
11.781582132344138	2695.583471554346	1
18.911786117466598	97.0397845100044	0
13.661442058359366	1826.6804232134618	0
8.290997122410499	4051.4782145586287	1
1.5997247996126251	3178.9133127399705	0
18.43839506703001	2789.575562569439	1
19.5506521457737	1358.0473075357404	1
6.34724613925861	2362.4005529439587	0
0.9108470307440228	2317.8194179270718	0
3.7690590811388764	4311.177207795938	1
13.351756681024863	2423.6522501715367	1
16.445101472002793	2621.2577426675293	1
18.878324567845233	2972.9822770202295	1
21.197140896593247	3950.563206251987	1
3.2590954178870257	3773.5985706961555	1
22.732799628795853	3528.6175741495654	1
6.897253179400592	1220.246780346362	0
8.856672754436392	2366.5652185055237	0
16.909985301023585	1627.6239490003975	0
9.459109491187103	1881.5532206708854	0
23.88252993909589	1408.88452632326	1
14.336729364098424	72.9468043864745	0
16.27112789771548	2827.377639190096	1
3.3268126432682283	779.587841272651	0
12.290714407486188	1226.3417310575178	0
10.782224540762334	1063.411798262139	0
19.916797861109398	211.55743388297472	0
18.087949105283734	3935.944562764725	1
21.514301757061578	3752.966252907302	1
2.515719198873822	4331.688335124454	1
10.400973492558744	1654.662203486326	0
10.244170442389247	1402.3323171456645	0
3.5049043511515787	1873.1946484909986	0
3.8849560237624097	403.3821801620981	0
8.87633130757332	758.3358729600792	0
15.92110585526611	866.7321531341266	0
15.950370620031325	492.62194833862077	0
7.533351574898458	4069.3083932467116	1
15.626994365034157	4219.037092654741	1
0.4560490420120358	883.8734692669078	0
11.329222440342056	1361.6541952265418	0
7.642822610129449	1574.5096592121943	0
3.371540868709916	308.4763813838313	0
1.4954024160458532	759.734549661043	0
2.4355353605008663	1720.4790838602453	0
7.013290436993348	3298.411108648199	1
12.898968174178727	3828.4504735879655	1
23.295978412164864	4237.46251510593	1
21.90041770444322	2646.859739675384	1
11.825780970247916	4144.492195409063	1
19.54338617787573	3956.1813021051594	1
4.048927960991602	3614.5728249440353	1
8.656719259493844	3431.842104624582	1
17.87372599337472	1103.0464667597062	0
0.5448711770387789	1455.0509140050945	0
16.53774884488796	67.71959656129206	0
8.278713693260393	1072.6977045420533	0
22.75995949516862	1234.464416112687	1
13.972546887444249	2742.2038392739037	1
15.779082242816608	228.75137442873262	0
3.8493637252352624	3613.537225019875	1
1.2138065343236404	3581.164399726169	1
7.010088001032568	1656.2064640090418	0
23.530965799565518	3316.8009374422236	1
4.67313072204852	2919.8938524992122	0
5.495894866462031	1328.0010146383997	0
22.933503898693278	1249.2833204748758	1
19.106247736009912	1102.77390181176	0
17.933715273817942	435.7609111496168	0
9.479518379097861	1965.0112923864997	0
18.757795192164135	1697.9812622600366	1
6.283788148630809	3125.403853259037	1
2.743918865551141	1868.6825873054627	0
12.970782419721829	1035.6610841373815	0
14.328832135261354	2063.002959664803	1
15.063448537809695	48.000045645107406	0
19.807923179704595	1142.290226588379	0
5.886419501761831	671.3248928254483	0
9.053822745508826	1956.1354441889755	0
10.729358967260065	2032.4149122490664	0
7.6767675239092865	2641.225926542254	0
1.840355589654231	4345.154494355607	1
11.651853597039372	1804.9144150594188	0
16.089334454683545	2608.44556159547	1
7.734109343331057	584.1171343035511	0
3.653036220076843	2839.5776366937484	0
4.782119291943106	302.1882191276917	0
6.716400775370236	1672.7797733335035	0
12.580350427173975	577.7462805086591	0
1.2748398599774422	3486.309463873287	1
9.201202439388034	2085.6588535262476	0
5.849304554067071	4012.438716664703	1
4.26983041267752	354.1830854521699	0
3.4413642500471306	2391.768410929991	0
1.7545550800395153	737.1310725004973	0
8.356878414600658	3742.729996903074	1
16.50012964511834	3428.748304890003	1
3.2763931639056203	4431.0011242810815	1
14.189150924904599	1074.3823572767794	0
19.384820217893072	4414.437781902784	1
6.212412991995584	3574.827856469003	1
14.222661673026305	1950.0882198493568	1
9.265640950551395	1178.627313014359	0
23.460052248299533	2872.190579091466	1
11.635586417921925	1653.9223924708024	0
4.05564348387803	3817.839729287237	1
12.839214817857824	4385.229282737796	1
18.85259464966814	1694.006131784746	1
11.188473734109571	570.0992960039739	0
2.3083809751960107	3827.4297248583234	1
8.823392857289635	1403.3836804815642	0
14.810028900663962	2735.7494815867553	1
8.133203215059396	737.0585437948041	0
7.4769783836455	1228.2802636366123	0
2.6020141118618723	298.8386333736962	0
9.298276469458001	1505.0136472042561	0
7.956770065133862	2979.4226061176973	1
19.064994970518278	43.99095683811316	0
11.813968254972883	2421.8727827539665	1
19.10821839071166	2214.3646830566763	1
9.099251653939842	312.63794122182685	0
11.77353501078076	405.4059846985712	0
14.215969056716464	2149.6050417257666	1
18.210828261801268	2661.523077920482	1
12.096159258011586	61.66613265643994	0
17.092005603202878	3251.852413795032	1
5.367678032482276	4485.882194584478	1
3.1727445988424554	414.9310552112304	0
6.309097800787255	1182.6248626865147	0
22.290155160668732	174.06571118832997	0
9.6046474228143	1584.6970654962415	0
17.35755517637363	1584.1543799426415	0
13.65052210877591	2812.074760210108	1
11.244355172264598	3563.8700037527306	1
9.205140443484844	3790.602291299529	1
19.499529516034087	3265.1223335582995	1
0.37881436953668945	3136.043372069599	0
21.178181301129854	4138.068175584484	1
15.32740320406062	4088.2406678742054	1
1.1261110069469717	983.3785303335095	0
15.384663232185094	2420.118472608537	1
23.31427376630361	4120.122632485375	1
8.204189356460596	2489.363111836801	0
9.597985735332207	1397.507133842938	0
20.006725875273194	663.2729305951952	0
11.084025885307526	2205.8662736160522	0
17.939460557424198	3900.4780144130414	1
12.356501631417803	175.12768628164682	0
22.134543151638805	333.7302015761164	0
11.383638349769427	144.12238698247108	0
2.5058053948841366	1440.1797426599712	0
21.668739186194895	2323.5754564781873	1
8.227608696531963	3995.3363719039676	1
14.535413427238307	83.76767466073359	0
15.801949723443645	1433.2081610432444	0
8.20737348711126	3678.1115623810733	1
17.624509916353496	1289.8081102902108	0
9.155646847881204	704.7548348500854	0
9.894868447491671	3526.266517980162	1
15.923129985812496	1499.114799207779	0
2.7590227564513192	1585.0416354206702	0
23.45826124808157	2649.9155475877697	1
1.2129992018588558	922.7862983030807	0
13.056714268397162	281.3029914501364	0
20.417060886030132	1496.3687045012196	1
9.334411802560744	4195.692701752269	1
2.943449873308645	2022.9183579099342	0
22.609237804722024	3364.9514517133457	1
7.7278170582733035	4242.08967732452	1
8.98667894703144	408.34116060672346	0
0.555566347091327	3008.049866489339	0
14.01816785774685	1943.0576935784813	0
21.49365895119944	3135.9595870783237	1
11.301874277770311	2871.1184762071425	1
19.63854451422214	2661.5708637660423	1
12.726959067432158	4056.611682149692	1
3.276787650691727	3253.8565346003534	1
20.67176700411089	3944.187423148753	1
18.674596743512716	3147.605052395922	1
10.859785995022705	3531.9982259605235	1
8.207905587851998	1061.3627381667352	0
18.971019077644264	1155.1771911630933	0
14.96469009413822	2726.447194111489	1
15.362267961287133	22.52760150884503	0
17.57602195512518	4084.3240569990567	1
10.603923096401273	3746.980525503955	1
8.624541520206847	63.34693596912233	0
12.431602738656288	2603.0208816459794	1
6.254011373987758	3821.0843597525077	1
13.844050841929626	4412.010026796561	1
11.142613542746762	2294.4708783139345	1
13.029431448846498	4201.29890491922	1
17.142006252860877	479.144066994094	0
4.570515670707626	3287.9789746630777	1
8.128668468845959	949.5965788380263	0
3.164445474085772	1924.3035247924859	0
6.831406127204872	873.0770390767962	0
5.799031622688142	1415.7306745690594	0
10.241598929229824	4070.948560544187	1
4.548634782897374	3580.4964685004347	1
19.299809008329554	4261.575472430053	1
19.057570237536122	3801.9163517300844	1
13.96720896758736	2960.1541988753183	1
8.12955763280443	990.0824235505416	0
4.463918740071181	3100.98462358183	1
3.464095916764064	2259.118294032898	0
2.204552183009908	243.27704587288713	0
15.026372831614925	1066.7335298305898	0
20.406940797658407	3501.2887598554507	1
2.6152540380355074	2470.6504871729667	0
6.4242454501161825	607.5263902330074	0
9.686872594124072	2162.8448700101067	0
6.159179014466429	168.12453994954308	0
18.04397379541157	1899.9192394423094	1
14.191013412642194	878.9034746117183	0
15.878487582998549	2787.442235915438	1
16.17790408302892	4051.056795484118	1
6.930934646951486	1155.893824880849	0
8.112253633254543	409.255865473646	0
12.488277128069747	1096.968107052372	0
6.56501218902094	1915.433479696251	0
3.4564671578142354	1175.2393834842894	0
6.4926918378557765	239.27335221688233	0
9.918236046912664	1929.3502231082375	0
3.8070647749375794	2278.8612517679544	0
19.803201322336417	3459.6494769005626	1
14.867263636665253	3178.5643187306187	1
8.177219645846025	597.0655233290652	0
19.04543166228135	482.13428540203176	0
6.211098301969862	2466.5498951313416	0
2.9210711292738702	1566.0903678142097	0
23.896368944415762	806.3254473260348	0
12.371192186383084	253.84041870074387	0
11.137607383715341	2115.0820731680296	0
22.180117937351852	220.77984486907192	0
9.166791578391894	225.94054949089966	0
7.341021295547001	336.53584767399695	0
12.762927340097448	1791.9547684041693	0
4.1542087121208215	144.99742485648974	0
13.439889215481434	3349.6521829973967	1
11.816626420785042	2557.879705825017	1
11.776046316013955	3010.5068079212765	1
13.70244672540807	687.9600203479024	0
14.265653828326352	3143.0870133384396	1
1.3345629399498442	1199.3526667470437	0
15.634309812140536	3794.1752395593076	1
2.7612385225527234	3071.9859124719233	0
11.30255857614092	2114.163190417631	0
1.172442600484592	2864.398714706656	0
6.55823967368938	1404.333730706256	0
0.13085617548293627	3436.4618406974764	0
21.680684319991613	4233.245770731969	1
9.757294304177073	1438.4330446017168	0
18.94053499205471	4307.040397671817	1
1.819767863798301	1096.70503611385	0
4.145129496846593	1363.3367687033483	0
18.682921059029034	3936.4768126560357	1
18.276765108230425	3548.1631932333567	1
3.095344441011605	3056.6729053574613	0
15.98638768393956	2369.243405672569	1
3.4210626992817	2539.912168168578	0
16.137493737039712	808.8193553162316	0
20.93161818598597	183.10682868846916	0
5.812295468582187	1916.7632205888037	0
2.0858393853785993	805.8878494941449	0
21.229989271053242	3379.0541634270585	1
19.212204580308867	1839.2966263460717	1
7.140280561982265	1845.6609876716693	0
17.43995689157576	2278.290183509061	1
17.86779462213923	3858.394951199779	1
21.86917215904877	620.1271572846787	0
2.5619887527712546	1400.2742048240623	0
17.573345095833282	1855.8218865664996	1
6.594623205543215	2576.671682865792	0
6.457485676960259	131.08052164139	0
13.028431815804781	4029.3299603682453	1
1.6942474134986165	4289.759061879823	1
0.32092048748338975	131.46335519535447	0
23.641034305830736	3884.796227719234	1
4.219694505174346	1603.85241722098	0
14.187216512515604	2281.3552533740035	1
11.124696730838282	1935.4000205207444	0
10.462506882478998	1338.612718552131	0
11.178820599297424	3741.225227542476	1
12.847844187011003	1740.0221817214808	0
20.824418750975656	247.2538872324705	0
19.00277347703325	4338.383616383787	1
4.22991912954174	3212.6736622561784	1
13.178327906199957	3006.1688820705413	1
8.557462649116424	3105.6573345690445	1
3.584210184042565	4155.970458149862	1
5.33408375679104	2073.991686504326	0
3.648986694100995	1464.8776637008084	0
6.6389746582087	343.4996605835437	0
15.268277443090259	2969.6939055748317	1
20.752795546904306	4458.234981292449	1
13.706252044984826	2524.044232617819	1
19.125701255918308	4350.468928139524	1
11.986671904612512	4043.6855592965935	1
19.39843856442137	1446.0283019741055	1
9.276381503603783	22.04355546728459	0
18.050977947347587	1636.9424021909501	1
2.9792205015620583	1325.2337652578833	0
23.304753409872163	2469.5208454886256	1
21.917190863615566	4076.3974467608523	1
23.12765088264978	2973.923569485778	1
16.77857180190454	1372.957024704198	0
10.865277625004154	1884.6778804498804	0
12.86354664450575	2780.8166969477757	1
2.665546047374102	1764.3823925324616	0
0.7994243933821288	2862.806463642417	0
7.673603020573588	1334.020401729689	0
14.162465682823562	4278.921307389305	1
14.433229557107907	374.573111221825	0
15.052757430984002	3662.7652405300582	1
9.073973265167584	532.1775739012094	0
8.101089637274956	67.8069202705886	0
5.1450951609641695	4143.154963489537	1
2.823506545662034	1192.6930050069936	0
23.388142275187512	436.2598363480833	0
6.448794573711575	606.4430302255665	0
11.832690539816626	313.93150405695326	0
9.146451822294727	2628.570551581662	1
8.509367702958407	2023.9191275159917	0
8.262173689015132	2783.057006737709	1
20.900688423422498	3361.225184219852	1
23.870579720778707	1178.46063597953	1
4.547462812062326	680.9187666431368	0
3.1755058780541727	945.2034545056872	0
2.0432070969295015	3666.246732314945	1
12.125662570981046	3393.4445210074	1
5.521054122868476	2293.544653462932	0
12.719086961230577	1408.2278056189177	0
12.161379024999817	3928.830463671279	1
11.244829659242468	3812.1204834306945	1
15.681873094743718	1697.1538828597959	0
13.370593089360991	3816.203314878969	1
19.121184175238046	753.6142352849163	0
14.702637460288063	2629.708437123202	1
21.126553247904056	2051.775324468905	1
7.569029477374612	3488.5433271266247	1
8.0417273662008	4348.669419776056	1
15.288154567265757	3863.213307946869	1
6.841786309978075	2214.1473137403077	0
0.1245550481392792	20.450781829148003	0
23.694849341878683	954.8121369325655	1
18.292767573773126	1696.0152840717753	1
13.589643617712255	1021.8437811133896	0
8.677278999691271	2175.0153486887266	0
9.711944493778216	4409.437880033317	1
4.408531427406352	966.3817580441882	0
14.362351905705859	911.951195166336	0
9.345563658357984	1505.9158947377673	0
16.0796011874097	1287.1650119712501	0
2.9040973208925447	4449.107387345469	1
19.215717440207005	4329.20569682608	1
22.423043793034722	1032.935411902628	0
16.16316271231415	2544.8432356787066	1
18.689780988703355	3141.516527534303	1
16.253183145092507	991.9922594549275	0
7.519708834214273	2267.809891115108	0
19.029869856789965	2191.5728649093435	1
19.51529496430574	692.3691067927493	0
5.326086887350189	1274.2348384717852	0
14.993122791569261	4494.433685323956	1
7.559030723969393	1563.548536672297	0
1.2937609688278204	297.5504300578202	0
20.01666753867988	4349.478513407202	1
13.2627080205286	4066.65479856852	1
23.01103563498201	3031.249191407735	1
8.610593313620141	1174.180352495159	0
18.829399622874288	3732.107142881801	1
3.6192081373142715	705.5240305788454	0
21.598137118476394	4248.755309503894	1
22.277589897326934	1897.554050691184	1
20.636608039094696	1459.8601591304903	1
15.896882892688796	1208.2865952620664	0
7.31449001238787	1829.343823079049	0
2.8339327324939223	1662.135636962861	0
1.8991427488093917	2724.1638101398357	0
1.185575419126554	1769.82098912245	0
5.16395400526812	2266.6108284921334	0
10.166019156025037	2639.761963407523	1
2.497531483912428	4060.4456973631295	1
13.906898175568077	181.727332538887	0
6.179938910014438	1603.4058133642466	0
11.21371697249921	3813.7748364009703	1
15.653908910583926	617.8145920127637	0
6.965728101270088	2169.7012120346367	0
13.54072571544356	1771.3785057111559	0
8.300647562216032	532.8261424861961	0
20.315073994141777	4240.542662840751	1
23.489078328423872	1272.4802718752399	1
7.196308388013602	2052.9767509498943	0
13.197703005210766	1944.9571932116917	0
7.452704105042953	3240.032577628978	1
11.550677108147816	2098.6447219202223	0
9.413171235338062	742.2652270077242	0
5.512047311571946	3241.675250341936	1
5.514778738527058	2796.817573809652	0
12.124531649685009	354.16396008009934	0
20.132964864770052	3072.860520459566	1
12.794216934462938	2630.8826789288796	1
8.246801565997867	830.2409396211323	0
12.311806488728536	3672.418668759632	1
1.7341443711460736	848.5697519984923	0
12.647455963744305	1863.3151073701974	0
5.374431265230575	3999.717682643962	1
18.492440672410297	3473.2463815900455	1
10.78753594840921	3915.925780688999	1
9.452486966554517	844.8702078877378	0
17.42090306616939	594.1726279529764	0
4.191305490037808	2625.0788749618214	0
16.81099865107705	2599.708999611522	1
7.715812039842149	3020.0094511075217	1
6.232719391101994	4054.2816571456087	1
19.422279144864966	3828.3560507083616	1
8.260043766870197	2853.319269183574	1
21.186660962756285	2065.16077781712	1
17.41012823740245	3031.338907073982	1
11.898878680244813	4095.549086800149	1
14.821680362492241	2386.3786678097526	1
18.839027300977502	3797.4665113334413	1
23.000833098808137	802.2697734755568	0
6.458511138694059	3017.3597820769587	1
21.032773743359083	1803.9394255186264	1
3.5625707507900266	1839.4161452081073	0
23.9708737889245	200.8924060485875	0
4.7145938290369385	2805.8426858484613	0
7.846387078631917	842.3736429405037	0
18.6869821636151	1782.8640115959552	1
21.287680471686148	2915.080799686495	1
20.0858014520864	2251.3986293680714	1
21.87711837241074	4036.850818719683	1
19.840109909337208	724.364921609188	0
1.0681050035657673	865.9675628783667	0
9.827072762507298	4326.515952578274	1
20.535081984425524	1847.1070082399838	1
22.944109504791236	147.44479680329727	0
1.3196131442721653	1762.2384939302522	0
3.5775524380212103	3182.7755096371793	1
6.620196898071523	2283.8868562492135	0
20.133475034581142	1014.0319524968636	0
9.018227264573907	2343.7596480613183	0
20.740036611850947	238.95431521105715	0
23.967323726057973	2653.2369173570055	1
23.48567515713935	3554.047737506008	1
22.701812361647193	616.8258485678017	0
16.316245075340422	3198.931908968411	1
21.975063247810553	828.5472353103726	0
15.857019154268334	759.9773866657767	0
4.164485507118575	2492.3692929920207	0
19.493626280705783	3539.615291907761	1
1.3004319793209707	3995.9767391305354	1
16.84961118355921	2651.7920751141223	1
12.704559635130632	1894.3744623484745	0
1.1785904386528694	4463.362605580287	1
15.140031487842581	208.0821663119241	0
1.0267368766548826	3350.1238882803223	0
3.4563818802411923	646.4131746683283	0
5.176618079423965	179.80093755229214	0
9.06785912216071	4434.65303052004	1
23.773162508358475	1964.0713182737838	1
17.03108796889225	662.5522169578372	0
1.7043368672760035	718.0380074626556	0
23.32895783557985	1794.5622282937895	1
19.633024283512203	27.609863772370847	0
21.192649002404657	1637.0981997626488	1
13.84030261707262	205.18716951296256	0
22.931581179306086	184.16464204711562	0
11.0117808860215	1098.1797018441516	0
10.145707389060064	3298.1047502652527	1
17.511784044072883	2705.3426301210297	1
2.14021672202497	595.2610593436266	0
5.8635157319745295	1991.2025853769887	0
4.115292214661269	4397.900400659595	1
10.99401865307587	2021.8858845712707	0
2.357650851514177	815.4700576633942	0
3.3674736442188067	1028.834213429813	0
4.754486643059747	2886.8800502722684	0
12.187217638014207	168.50676683659933	0
15.282036266129953	1394.9342367203174	0
17.95206049234095	614.786894204552	0
7.54367980296732	4094.0978800254684	1
8.13880425566109	29.990239100488537	0
22.854518327040704	3269.6629670118778	1
3.687040647720046	3545.958277731583	1
4.424732586444979	3168.8529146655906	1
7.7324802251184535	3700.8150407717258	1
4.103783843797749	144.62290510390912	0
6.601200924435102	1519.3336170214639	0
17.926389353536962	548.2869660351425	0
5.413257190353797	397.9489709262119	0
21.945569875318625	4044.7651502366616	1
8.948036463274587	2058.9655868541017	0
17.849473576197738	1568.905562142659	1
20.466015340037476	3522.214534532653	1
8.511269288477159	3636.9668032302907	1
11.913632726625433	2021.8020407211839	0
20.423194353319957	3409.845836048305	1
9.2978245511672	2104.9617109389237	0
15.686654877496084	286.1549716792529	0
17.80565287886729	4151.845461379327	1
13.411299746070295	2254.821919743783	1
7.469992341305317	505.86130794487053	0
6.589311990203723	1697.64657280098	0
21.155776078260565	2708.473717712794	1
17.380424984315923	1995.09704338014	1
23.37480157514249	2190.7479396357876	1
22.073238367055712	3968.0201515863096	1
21.186798687636735	3130.23955513116	1
11.123553845286315	612.2880389781556	0
14.26015559231911	4355.811579606753	1
21.21195300296791	2413.1458196476588	1
12.147611857263414	2243.343327779768	1
15.321811043143587	3256.7741171290936	1
18.28953163104956	3242.3722648586554	1
0.14236357845386127	1070.1485352246139	0
20.96101159735376	2530.7977107268275	1
9.762876527897262	1462.0357281368247	0
4.519924137961275	2802.7126662844685	0
20.147850768506324	2233.69533369518	1
0.827014105327259	101.98949493197829	0
21.614313293196343	2966.4994172832476	1
20.63806527862576	92.64745483664888	0
8.697316146379276	3844.563200757851	1
22.498390077985082	884.3297242629569	0
5.435557346964665	3597.9671696160954	1
7.120092102931297	2099.7942434720503	0
3.771458346950606	3239.250147991368	1
14.085824737035448	3023.100056470828	1
10.425723336223376	2314.9953201663748	0
20.24324373847958	605.939175585752	0
8.749454218113623	2712.395829164102	1
23.470814406300352	1584.2572353620385	1
3.7336528966592732	4302.158699630181	1
8.933143025975028	3078.7051273588218	1
20.419434563175162	4239.269253718643	1
11.857639105462995	3996.322608072133	1
15.767641494385572	852.7150013125863	0
16.870777573257236	916.4345802326507	0
22.000275919818566	3273.8789226572303	1
20.446637645576295	3341.852161062534	1
10.677182469564155	4421.387322873722	1
15.707836156211178	1795.5061575245154	1
2.1689989188544585	651.1802158967529	0
1.9630641544910539	1334.7340208234364	0
11.315836665232105	3870.885873442494	1
5.066916846263911	3865.6942020306237	1
23.885895685051214	3090.2111873351714	1
18.0005942029758	696.1159014601426	0
15.033108927171764	1780.5769629441365	0
2.88369185020854	2297.848190490619	0
14.15282939593284	172.8552468334385	0
4.76055046160047	3486.5021814143415	1
10.388071547868424	1616.6885067486626	0
18.311332596150535	3969.0309061410408	1
19.010302293873224	2294.9226152912797	1
0.5134325078612756	746.922450256326	0
7.131716559857241	479.81820774183404	0
17.44454651192209	2560.67440430938	1
0.9186361051391518	3782.843966837045	1
23.63855836567791	2340.4584863995706	1
6.866647250360301	827.8658410098711	0
9.39948016406676	4131.511271329085	1
4.46155804211001	403.2088281994905	0
4.445975149267766	1253.5875269016424	0
7.75672094247464	2775.6334524301706	1
0.8341941245919493	2850.0810244335194	0
9.570169098202618	2391.5098045347695	0
9.911347262448814	2909.9673797309542	1
3.6452841784674135	3592.6622767076346	1
2.305890110107981	3892.972511820549	1
21.580330998262923	787.0685030246158	0
5.608879596642035	1991.156045686212	0
19.786796439569166	1166.8910760426365	0
18.644098990754223	847.7673470069976	0
12.687702906624738	317.2609780373897	0
6.478661260093163	2030.688142034815	0
13.52527319658085	2109.059618823781	1
17.26334619992042	3008.0675535247733	1
20.072624104401648	1436.2489445689612	1
20.448848023788614	2204.939665520776	1
4.711735650428094	480.2143457922895	0
8.661395652315218	3899.9989823454725	1
7.117815842314003	2268.7134754614654	0
5.732632623105253	2797.2450729238662	0
23.31582077622938	2880.5564043183995	1
22.951450211285888	3548.6776507822287	1
15.991412447745478	67.45524889443982	0
4.47538627562221	4090.8715181133766	1
20.175817253249324	1964.1399233658517	1
17.554733943179844	1708.3226722746924	1
14.92563056257684	2813.1404236255185	1
15.625953633751507	4155.121653670259	1
22.845022794826832	1817.1685533322695	1
5.040254622277187	1925.503067331775	0
13.107220046913866	2629.3354129566815	1
17.304440632278364	1449.439985943368	0
2.5175037683022508	2827.389000096261	0
21.289814310878015	3646.5480412103875	1
19.090430346694767	4342.322297488745	1
8.10362279591747	3864.8265218056376	1
14.568030265765824	2849.254515446893	1
14.220407819966432	3295.0576603918507	1
13.936180956632956	248.95516894736286	0
19.87325796709895	1865.1940671989341	1
20.759965982956267	3822.9266363347397	1
19.618282553158192	3705.6942895494644	1
22.91406657971471	2335.967274083417	1
3.81312529594969	712.4333971832997	0
3.1516438406733682	3534.041762354978	1
23.86902803617759	2360.6309553998512	1
6.9060666344542545	2894.552843140422	1
23.66070689637888	825.5046777373268	0
12.19044787011352	3319.6198218371565	1
3.9377697427557985	1317.9817871874263	0
10.825534725238569	1076.5537879649685	0
21.60630626777345	1907.8901629391612	1
18.075377053757236	892.4801399380257	0
19.869139701081817	2442.1417707894716	1
5.37680697449387	79.84142599080491	0
20.07468241463167	2558.4861708084454	1
16.43523983621969	1767.875980192089	1
3.57478460043429	2356.041318671913	0
8.391909612941403	3506.31254565182	1
10.574359325039463	2743.058168245402	1
11.660640910344556	1711.2373932128346	0
4.619929974204158	2799.4493850687636	0
21.758127467534948	1762.010616297717	1
19.75996269567086	1332.5133667828286	1
5.155749533621903	1926.5252714293597	0
17.478443172055904	3219.5962190778732	1
15.818813343736569	137.22638359396612	0
13.424257458010544	2146.4185623203084	1
9.416052753840946	1099.9767966636314	0
23.808271827876727	2874.5785875783217	1
9.44878809500226	1422.3447853812302	0
19.59669639247262	4442.591331908458	1
21.597563305288226	588.694478023149	0
15.428988611983023	2175.044619098253	1
19.8247800887369	2004.8850535721317	1
18.764983828584473	1722.2131912752081	1
5.826513350696675	2994.9098460212754	1
1.3900859403718497	4337.81401974036	1
13.56828615179736	2175.8142863618355	1
11.536149663104837	1290.4918488615078	0
3.2166013672210125	2369.031340945909	0
20.894659778094994	3930.982206507257	1
16.949058658064015	3394.3697644974045	1
14.908664228673365	1390.5014674348179	0
14.637837282854525	912.3363077370908	0
22.044268090670563	2684.8478628858634	1
4.362871356769695	3135.79494744604	1
11.37427755160359	1820.6747593991759	0
11.03797368693461	2608.359882681139	1
22.425241727074802	2705.025837783579	1
18.634648531629946	3696.575051169881	1
14.838353259182492	3199.376641280706	1
9.941264771757094	3099.8404123567875	1
19.167921135788916	3922.8369666924914	1
4.302316857662767	3619.410726920266	1
21.13015886828201	3589.0128838108744	1
8.114536356564553	2926.4434392122407	1
14.746238625532595	1386.1034030854178	0
19.751258894814995	2071.7959065961654	1
14.20583836224782	2727.1718692276722	1
17.80129959999563	2365.606008118251	1
5.726505566830787	489.1541338732133	0
15.615031511282986	2411.2488637531396	1
7.554350961941548	2641.322182901428	0
17.453831732827513	2583.045865984648	1
0.948395731517568	624.8884158835955	0
21.624358527790637	500.6600800249527	0
6.652375913238138	110.8973412395558	0
4.8157942224194885	1040.1765470741198	0
10.293087734112325	3902.0312483912285	1
3.6014148818929304	478.7236443878802	0
2.1303462302208214	509.6962144359211	0
5.91552791508016	1028.3351415175923	0
23.62120514615863	2597.6278239850353	1
14.737036811480309	847.3805088582818	0
2.4700665330767038	651.7700763501095	0
19.917424429770417	3440.4763863637236	1
8.473347473424425	1425.1339309512682	0
10.448165100755942	3779.1991179167626	1
7.340287942966	4040.0070392672537	1
22.01323165979614	1996.5213192445556	1
3.4241511515965337	4083.956147483706	1
19.63972182205155	3309.090800073232	1
11.247876182694933	3456.00842727565	1
0.06393051555967944	4081.3983776796317	1
23.0738821894739	3153.0638709403283	1
3.5341518467376343	3264.8747593472517	1
1.0815215220995027	806.5432695874214	0
16.701763740623967	644.1996652457409	0
2.6173690917345445	1769.5472605498471	0
0.5781379079351252	1778.6535721815576	0
3.5161489501854355	3344.127889854284	1
16.80742230507778	1807.5422442864972	1
13.621829901211743	1682.4381129261756	0
6.106270608422024	111.57393899813466	0
13.141922921607495	1102.8326977170434	0
19.438219016458298	81.27407722223218	0
9.201017112975045	43.83514831654295	0
22.316451830688354	3121.8212379090633	1
7.117884137560991	2394.5930410291	0
1.7329561584104516	3376.6684004783883	1
17.752711976536467	3638.7558651990807	1
1.7300421554489116	4394.726285444416	1
2.9837739047048224	4318.12341175652	1
9.44042944944052	180.1281029753781	0
8.512434160504057	61.72249581936684	0
12.144163637116261	2383.29633851608	1
11.15946677631812	2129.16569860837	0
13.37556152378481	2860.0798102963695	1
21.285312827840826	765.3355325576869	0
4.308192971142316	1328.8100318428537	0
16.69357194427926	2769.1542446204785	1
22.436597566850054	109.07039867914182	0
23.762888000448047	2058.803245694645	1
7.571764466397501	2306.5156590867573	0
0.30501027059415353	154.84997974670722	0
19.43369618055338	964.6914765561284	0
21.219987023265798	4101.948698437548	1
14.836264431783164	1444.5819300476855	0
16.753373584363388	798.5098064838503	0
2.309212950300383	2421.5209226581796	0
5.410166525533545	996.6617774860559	0
11.278426278863362	2988.1429046001135	1
15.287550943240873	2648.3630438867663	1
14.59296194252285	2693.465762410922	1
17.612523866395787	1710.4104467744417	1
18.51599964970927	1856.043120660138	1
20.266346449798533	419.04158653439026	0
10.30341784829397	1176.0104765625103	0
22.523308242205104	1871.9243819899161	1
20.879076346378724	3337.8329259767897	1
12.810445772628281	3511.3144649984865	1
12.184428683137863	4184.349836302349	1
22.236010143300994	492.8711760980195	0
11.122114234167277	1454.6270112966804	0
6.1904105153466045	72.31719290057076	0
18.01728543801479	483.14245724780494	0
18.79856386316616	136.25762835339228	0
9.76707544925656	3974.422733484918	1
9.125316782337134	425.48896165506716	0
21.279425885762674	2474.3596897225243	1
1.2455384871483863	3145.8482444637475	0
5.289558928080759	2698.523728952791	0
7.773255602032452	4459.597588820746	1
6.515068302601892	3861.5919531607155	1
12.711915942690121	2856.1898940069013	1
23.255265303979485	2605.2719199480966	1
14.931506647088138	2261.706565047652	1
11.330313629623994	2975.8507928423883	1
18.067985303151307	1671.2585913542819	1
6.595850590776413	311.886476028838	0
9.624720838461784	359.1574831135885	0
20.114277134723668	210.33405526532306	0
22.215174326886967	655.8922577447735	0
9.304079225085609	2011.337621399446	0
3.0601611112759883	805.1601431743594	0
5.508192951015907	3241.6481824019743	1
1.1801825898371172	981.9485724190076	0
23.070289099200163	753.1864055684308	0
9.164687112073652	2784.6782366255507	1
4.395383482998444	3262.0452567867583	1
20.124509530579193	2310.0262099014776	1
10.808182060823736	474.4766857371068	0
11.378469325608407	4419.356812800773	1
5.546590750723179	2693.3427243152714	0
22.551972544065165	404.4931494722815	0
8.890331297546464	1495.477703865	0
10.844497352587956	356.35051410704733	0
9.387736008325389	3363.7775723524646	1
9.003907767533576	465.9221605033875	0
10.734778724067077	1910.3470503803417	0
20.168870689893406	1362.6415423178414	1
18.582631865047944	2702.5334000989205	1
20.057399922708775	3443.6820186983336	1
14.473800994044808	501.54946303681095	0
1.6726187948358913	4050.718404511271	1
2.257487950777299	3341.643449748706	1
10.179346422316797	2784.661779456715	1
0.013350951962421753	462.29118979430757	0
9.84475503440391	2152.1780628684455	0
9.275625394802965	1073.69011422767	0
16.3365963759501	2426.8501011498097	1
17.113803582892142	1548.0884733866278	0
0.9301159553337337	946.1389084926068	0
12.797084405553242	1702.5550116180568	0
5.529410416721901	691.8146642014474	0
23.76901562524567	3277.0426501640763	1
22.32519099377305	2201.2519989607868	1
16.724885624062072	1104.615378211419	0
8.601734937909491	128.24414529790772	0
12.014628545084195	593.3460807813286	0
11.18761498669566	3469.2994540296595	1
13.061185595047945	4381.39268065666	1
6.406120831786524	3269.058385427389	1
2.4894695462447487	1354.6903162832032	0
9.21258109463015	4300.369687449399	1
18.72396981568506	3110.1945664484097	1
19.80264913945548	1090.0683939264827	0
9.509350796306979	3943.8077325104396	1
1.6317521064560028	3180.1154520077366	0
13.050126124524986	3115.24521776034	1
5.407412281849244	945.5324597214409	0
5.38907330006531	236.90515572746767	0
21.159363476591206	1817.2501791671134	1
6.250163937486044	1323.7106137449218	0
18.713755971433553	1032.7175894668783	0
5.571960386110156	2003.409310221509	0
11.87445951031933	3068.543901314543	1
23.92175083360986	3989.698663295627	1
9.816726128005303	4385.381987195106	1
22.958033464002945	3950.6569866274785	1
11.245405122015594	825.5831729284644	0
21.40040708045109	2375.6986994208205	1
21.843760147712725	4383.298941248795	1
8.561725946665632	2747.0563787148494	1
14.470532598319945	2515.1760364967654	1
20.008701614461753	2247.4289217684245	1
8.591056636267744	202.11457081344037	0
3.922912041934815	2077.8634613736467	0
10.223039095186872	2699.0887288010404	1
11.397177109336416	1445.8791071321227	0
2.9835715248740993	2729.760151873448	0
1.830458336565779	2812.6507827395635	0
13.77553606350537	2751.668075893015	1
14.23026720819255	2832.861376648404	1
4.733747383713938	1470.0034701185625	0
11.040721275363952	148.44946899465862	0
18.64070300601133	639.1900613409376	0
4.669874020596224	3282.4906723416016	1
21.63008803031041	2213.3176132524363	1
7.428494763316245	3310.8521375996997	1
7.626214162909361	1733.9635531524593	0
9.286374915634163	414.2837187534439	0
20.671620356778426	2279.5043175574842	1
17.31687090009045	3874.8815180666625	1
23.334536785180628	2039.1704990410583	1
5.434193650386402	2590.3244959896697	0
11.523767361239114	2177.68340462818	0
0.8767448921378111	2018.6644270328661	0
20.029012234476603	495.1536745647184	0
0.6079855264263427	3885.789403696197	1
17.387017281961626	3797.4907560613765	1
17.95445821277162	1982.7600071647407	1
7.847676464675204	337.74317847739417	0
12.83810885242578	878.9720247672798	0
5.150935960103227	1127.3322590881482	0
17.93574472991812	2302.1347947069544	1
4.357788799029951	3355.6240673573534	1
12.325918409446373	2687.543231824581	1
10.535464478776973	1352.5024948567063	0
3.4422386936465994	240.2847726552089	0
22.42924138012638	2250.6643730854616	1
9.559179038210956	711.6546553646897	0
13.180865853836583	1451.0307335193058	0
11.65769108803612	1810.2445975981664	0
2.5158581470749164	3042.8178709618087	0
20.18187507466819	1259.6779993198895	0
2.96003279532688	4.333799479246114	0
11.188819951991672	2760.973447198381	1
16.083417265054834	2752.8815234163944	1
6.315888025260042	1632.8602266898092	0
11.312107392531088	2610.4908616830176	1
16.71794213343981	176.0596304669092	0
10.11494952282568	775.7092751273191	0
0.46317718225432536	1053.3461403028957	0
13.922180482075204	2360.892296935246	1
21.738734889232987	2912.504842755227	1
12.879512175537696	138.32104097521142	0
10.6729878583254	2689.6657479168803	1
0.48319529203172884	3114.187818216769	0
7.493317969526716	191.89398282354958	0
16.9989210355794	316.3125976461855	0
0.6446612112146832	886.0372344098594	0
20.49137866894839	792.865492652725	0
6.659529450324636	4153.772441091109	1
0.3033578207661982	3464.44895295951	0
9.250934349584675	4065.439934375797	1
3.8246175977272685	3952.910535899863	1
13.395724738243405	3045.657647241391	1
23.88819060557157	792.3392881782204	0
11.025662041293778	2418.567356789059	1
6.8933737658270555	4355.105826443424	1
15.064307543442137	1561.6686058616763	0
21.438476052722244	312.70623917097356	0
2.1221625694708406	1584.4038392774155	0
12.5655548842633	785.2983075557086	0
22.394298167587383	1504.9619158193213	1
0.7375616456719838	4116.640585978124	1
21.537418940793554	1766.3831871900036	1
13.919295160952398	3492.382307266791	1
12.433790489275086	287.7450447367084	0
7.151127746907708	2760.617761387972	1
9.922953902533061	697.1190476593073	0
12.163013347042705	918.6894503771636	0
15.518400750545771	1056.1353744433718	0
10.770744509381878	201.9177018578533	0
23.419540654151852	3323.5158068976416	1
5.5752486073488114	3336.5255972994178	1
22.48413042395324	250.55475235486486	0
15.391081667389358	4442.7872173490505	1
2.3281375125855206	3346.4343091121555	1
5.490078010197009	346.068386895523	0
7.892016771733665	2715.5570293396404	1
21.57747603069547	2875.0835889722616	1
20.368640384050742	704.9612652442064	0
1.5095583010050087	1435.0019880030327	0
14.894091485047529	813.1890509158384	0
1.4056386007377606	2467.9323573710503	0
8.660275201464703	3155.7748796018923	1
20.759719840895393	4317.437080924824	1
11.471281952656362	2557.0839879136365	1
10.007528136829512	3988.508557623038	1
6.534935657753228	4097.387876564084	1
1.9461898421485042	1161.4965276944276	0
17.757199219108685	2243.0332731244735	1
18.48752773516104	4184.0022934754315	1
17.1719998210857	172.93467161334146	0
20.193585556914243	4012.446236814551	1
17.66718841199823	4046.242296021911	1
3.5318549597163793	1103.6096583814328	0
7.704541597184883	1594.1508116708885	0
9.4119567069403	2223.616044230931	0
19.911425824665784	3373.8095738764487	1
2.214600436268909	1448.9747200597296	0
15.352918262204513	1472.0523495447976	0
6.189874632998554	3226.9382880371704	1
19.702414785012028	490.0010847729461	0
3.5074381143731843	3636.9063499794784	1
12.633386877075338	2853.511838540895	1
15.15798539422891	1067.6522450226482	0
1.9944238964772412	964.7076322271018	0
17.193242093262484	1184.2147799416791	0
15.15519383701448	1632.4067215168868	0
17.789293806339195	1800.999823268221	1
15.384356818416464	1095.562959342055	0
8.896890802592825	1842.2471144593032	0
22.508412357292325	2869.8774646241504	1
4.611241098100452	1604.7848120299043	0
9.004431532107894	1894.4391416592894	0
20.801990966830292	3675.731918462532	1
4.964538753351789	3692.2900906970704	1
20.1724955952735	691.4748994023684	0
4.441177244738185	753.9137882289615	0
8.633965769092969	2898.1347493819917	1
5.946705614070949	3598.676239797303	1
0.29019063167651105	449.5478021606464	0
17.14921976353817	3477.032075194736	1
16.776803956760602	2622.7149805630706	1
7.768899233312559	1604.9212390888347	0
22.488488595259536	467.2277962409731	0
10.05381297411564	2678.4109452922025	1
6.076183332139381	268.17425728737936	0
2.2221777454852214	2801.0344945743705	0
20.524395113917397	3191.344107057078	1
2.1406990247721343	254.7902342488928	0
1.3154195455313804	3019.6362097900183	0
11.335233027190029	1331.286658880352	0
4.765600981402788	538.9497011533122	0
21.834528358040373	1239.889097266311	1
9.210350062147533	723.7702652287543	0
10.458447967304092	3963.520747340469	1
9.454841592701818	1243.2416018098345	0
17.60583730755946	1614.23126906523	1
10.90628063465942	1484.0205390551585	0
15.802974447779413	3822.405900144296	1
13.447538824256876	1286.5777117320677	0
6.5795099578761365	3407.6008155600407	1
12.685346844132066	665.8595654966139	0
9.445601735421086	500.6463763058148	0
22.26437656099086	3617.8991628146337	1
2.1644262034520443	3275.350365347882	1
14.213651298465104	3005.6885972015366	1
8.799877756774706	370.10893895490034	0
8.039328969480007	1821.5354793842835	0
8.001450667695195	545.1185850087169	0
9.770931874251149	2581.9782828798075	1
3.9381714194996036	1205.243687025521	0
5.891923742884526	3465.932493067059	1
8.313038946665408	1617.0072712800447	0
11.436888207266733	3611.180765990217	1
3.591577576438578	1269.1365150819279	0
0.8953617816734072	2868.06437185664	0
21.951212292163692	808.421020077865	0
14.752192775235265	2130.6836637882616	1
16.1917626398388	37.49053853908813	0
9.954010971178313	2643.3507952221057	1
7.059229215474491	2639.9089716699455	0
12.546048437081183	3171.0262795597696	1
8.046289020162556	2532.8542428184114	0
21.870190602096766	3799.0929831357375	1
2.6482841904649836	2040.5659795329761	0
14.489975620251668	4296.49344581915	1
7.512874736599353	2192.636931718851	0
1.7183229207134785	1454.3014213893064	0
19.201148621421186	527.0198268232829	0
12.554319014859676	1297.7790418964519	0
14.152640214018927	3745.7798413271153	1
13.565033661280392	2941.1917749286563	1
7.839953301736608	1061.084319723382	0
2.6088803370181557	2001.4868194028336	0
10.805752455795608	1462.6585568797036	0
9.631695698091754	754.6601916560854	0
22.711951986634055	2363.0664617941316	1
3.9179942704799178	3168.050265716762	1
4.202314559460166	588.0184189685815	0
0.6157257833596841	4289.554943407945	1
0.28388867024007247	2069.192366494368	0
19.52976608417689	66.61681480586235	0
4.8409962299408615	4379.837334482671	1
12.29318077534081	4461.755549718482	1
6.268144463008982	1421.741724730525	0
7.430234062390445	1534.195955591189	0
14.722066116297913	3128.462378921819	1
6.742933270042688	943.1789004212918	0
19.128303469396617	634.8678760362521	0
6.720776693312261	3518.8291761442024	1
2.207096345419907	456.6458642661691	0
10.462970913787494	2331.013544283097	0
4.5991252056280105	225.93642956182126	0
3.5494018064668875	2831.1334779648014	0
18.829097811202963	30.0626739916392	0
17.634287978377507	2464.607120383593	1
10.182948364562897	2373.699073376212	0
16.744107120077935	140.25414707227463	0
10.140487562988174	419.40527450897787	0
0.4320934100840015	3639.731260720514	1
21.507583945212694	1630.1860874248248	1
7.375490070579298	3760.8154159489072	1
2.6016071775020713	2533.5779170055607	0
20.447874264472272	1191.1482357366742	0
2.078819834308705	54.088842438673346	0
7.710580290371068	3698.4802571719233	1
19.704163091204208	3110.461840851424	1
6.791216279744838	3447.2063677094825	1
8.560154951226185	279.27068706857455	0
14.064716815061773	423.58347591220274	0
6.4292179070483755	3133.8540446162983	1
13.256534397498985	1322.3843711836666	0
2.056159761443328	3707.762971809963	1
15.511780978957878	3637.2557575730193	1
23.371481484603308	4181.42381912501	1
5.834388222275932	3073.493889828074	1
12.164681914055167	3853.6056655201432	1
21.659147462260933	2009.326347570881	1
0.22196738977367225	4025.3074289960396	1
5.095672725115667	2504.9095774258008	0
5.5505869276452895	1818.459334186992	0
7.635485239110394	2786.894498518396	1
9.321462368341068	1770.759412521004	0
0.29192356415486387	4160.890915343559	1
6.301955789329194	202.31146090347463	0
0.8126979074874319	1061.8493499881256	0
18.268955539691444	4217.636954818266	1
21.39222328360447	811.9831476200603	0
15.283668706500912	853.0813620640891	0
14.295420244000216	2974.507221095011	1
6.9619605475952495	2371.2806968060677	0
18.817544382364087	1921.5180167296423	1
8.328609321077025	1088.4043846164589	0
11.690949937620996	2211.152333869866	0
19.988280801709433	3669.3820648402016	1
3.0117108092800544	141.64086649567287	0
5.322803746750718	1455.6092875456932	0
23.136008091916825	4475.7389075607125	1
19.30908444455237	1505.5103492735805	1
17.869695571995557	3056.354420673985	1
14.758210315136683	560.264489608862	0
13.059621685931202	3022.918473287613	1
8.356968637888322	1885.7397355200828	0
13.783097300467311	881.8032886428995	0
21.810421844216844	1385.4404934002168	1
1.9757895623993171	2353.8251876207755	0
1.3366906121845057	3422.5391907035505	1
4.543103896686006	855.1258266573246	0
9.51153028026868	164.29095372247914	0
10.309375797909343	2992.5633473756398	1
15.505268673241003	3237.7171339162137	1
12.134168234420484	3024.725803120804	1
19.249700412323847	1874.452095870896	1
10.099566929758517	4212.462387547929	1
13.473812388102596	3702.0383415944634	1
18.213931416016123	2897.779955373479	1
18.65333027255724	960.3587559473616	0
14.159558451080802	2129.3823737080425	1
5.678198176536646	3392.5082594396736	1
0.1658869873767248	1158.5157018378854	0
22.61809259945112	4023.5082682573984	1
18.950168540292275	313.47253786633286	0
6.784005119551179	4450.2231045573635	1
16.758961240414777	69.71837629003564	0
13.77801198558711	3887.2316600654253	1
15.961894602076638	518.0961911548666	0
17.813032441899473	2780.267429318763	1
6.125695347444475	2278.5162828535367	0
7.79828470526796	1265.389005408471	0
6.736649427722158	4159.837146960515	1
8.60173390076969	2990.767540373207	1
11.428920449959204	227.39728320285968	0
21.419788019233202	3862.6924063655033	1
3.1122236851511333	4005.6226316272227	1
10.207141384532305	3192.337408710809	1
12.286663023865199	3376.3348055101733	1
13.78245039733902	3667.684641965009	1
1.6237592758023842	3221.401241497415	0
10.121257587187053	3634.7716383315724	1
13.482144035240145	267.54256240390765	0
18.542716867987338	1647.9104845469355	1
2.587880213005719	4467.219026842235	1
16.407494323905393	823.9290772515579	0
20.26286944101084	1169.4352123149024	0
9.540720350864067	3827.974741277203	1
8.01760399197416	2223.3194214161613	0
19.4906714931056	1688.6527568830384	1
0.3337528606251796	4328.588001243146	1
11.058583480729855	1566.2028370265998	0
1.609193452178351	3648.9251526778226	1
7.865712682110181	191.17097675705614	0
4.913633633321874	3577.3857803772207	1
20.654532324531104	2918.3109505359425	1
1.7068807966327615	3815.5244616964374	1
17.103203671018708	2562.4261202942093	1
2.2381187725485336	3939.627994742647	1
1.4486696914941106	487.8890124845724	0
20.910005168886553	1430.5509844932012	1
4.594360475805091	3377.4935506401766	1
19.569538966018786	329.48257187132265	0
21.128347673565834	3031.8327828483816	1
20.483572079247825	32.44303761583656	0
7.213547882129484	1994.6669744932308	0
2.50118931835118	50.0260177879619	0
14.942142786112758	1441.1053034818672	0
21.776761018260576	2489.6491531264724	1
17.668968307249287	3307.729448265279	1
5.1690367998942515	2353.297794088536	0
4.833375678426756	878.935814543251	0
7.354909752590341	3003.1679936683195	1
21.849369408510203	3769.3960939739472	1
1.3248070903420555	3120.931103378988	0
8.24715845165208	1670.1877678417702	0
11.749410394075777	174.16883867679283	0
12.233757790590932	679.3650075071107	0
16.819400462856336	60.62660982758123	0
12.065832081500815	1985.0435835197568	0
15.17422968269912	2712.4246150636022	1
7.660920672164219	51.83052730216975	0
8.239568206857605	32.94584074831947	0
13.2215816660765	203.21171404868682	0
1.92462167312061	952.2257514129881	0
17.033670430937843	422.84198201586474	0
11.782420652736295	2210.955152019651	1
13.776097983899326	349.2394376546395	0
22.099154197415288	312.59239960811067	0
17.180805465540914	3969.105856107769	1
17.04686283008283	907.8107884636848	0
0.6916114500485371	3906.4415549880823	1
11.242562570936482	563.0099456708232	0
18.46701807421772	4439.417401264457	1
12.275279987539385	921.4219024606492	0
11.50806389629711	4140.889738259712	1
3.071669837573559	1548.5382986156494	0
1.741119098815422	4015.0188911074024	1
13.481233287189783	1290.2504931154315	0
13.398544594870392	2091.9079891067217	1
10.971353390970215	3275.368890356055	1
14.78383749354338	1267.896370829494	0
15.641212523764107	761.3697680460093	0
4.8878582989762585	664.2318310276205	0
0.7456326150131973	4060.7791711771965	1
2.0430694829257066	3145.3291627924373	0
15.90992637107916	1980.0101440184426	1
18.89902021966877	2286.988191980364	1
21.22849787997285	3798.89503141406	1
11.347051462023497	426.3646038065384	0
5.2091345293070095	1832.3800018207844	0
2.6875356839168605	3359.3021861993316	1
13.097507184852955	3258.979217210462	1
20.8049920014092	3835.554020048398	1
9.038421712013543	2243.757608743381	0
10.491876306473396	3813.9080192468173	1
19.063711859108672	3093.961594193607	1
7.558661066215013	3890.001067634747	1
10.61387081560555	3222.707401093102	1
5.604721688495336	1307.8287750623203	0
13.076557988144668	3385.9165732657	1
18.77459482498536	556.5190899218815	0
17.45166466087518	4399.445305355976	1
16.891539650250234	2908.8252308066403	1
17.46961825247617	1727.3975762522016	1
19.24768900180623	1219.4710638603726	0
23.417373790673295	2686.670926668229	1
10.141346847051409	3696.9121615392683	1
5.312415658859746	778.5818284909578	0
12.596422087669033	3454.170748161318	1
4.288493540190531	4429.722744803551	1
16.768464727737232	1360.6910735066283	0
19.823706869911152	2459.3214246906964	1
6.470588059458274	3523.4565350337975	1
3.2348371786008627	359.9772278778014	0
13.033279965992788	4138.8309744021135	1
18.867951241157044	2988.3501216196787	1
22.44567489413614	2476.9473122843283	1
16.966189854142236	3842.0979381563766	1
18.799776824619876	3003.636762840585	1
14.277438554897854	2444.6907050589866	1
19.751904410387336	3673.6982823942976	1
0.5490727061742566	2298.6184479865124	0
9.66830692225993	978.0901231593865	0
8.118575071859022	501.8863487094717	0
22.50007995008465	11.331550444262263	0
1.356582504739161	166.51384612863578	0
4.639136543500354	2094.401645543309	0
7.539009110575145	1637.3038700939146	0
8.732325645458282	2064.1479884326104	0
9.960213471476555	1482.879805206665	0
4.602508550922141	505.492184034493	0
11.635449401315027	3846.3613237753448	1
15.814070429647227	2446.5404476067065	1
1.1907431608503378	4353.476574833972	1
7.2421585478484545	4392.727525235132	1
22.77357607027549	2839.6838986484536	1
16.119058847074133	2290.4572383335308	1
9.176755129440565	3419.918716814977	1
20.577809974078786	3056.032733677455	1
11.431313406414816	3694.5478516422595	1
11.516200516568247	1843.4827386083123	0
5.421880838148621	1379.5929896002406	0
3.029204650968362	243.0044916079353	0
10.018757339796398	1191.836300129841	0
6.1685000971895	284.306376609394	0
7.189440032801568	1135.6913395488164	0
12.782105572510762	2276.3576557473652	1
13.972832277470767	423.74279285062147	0
19.571262255803724	752.8633253720483	0
22.428302033658586	3554.622593793777	1
10.301515070143376	1148.641479657598	0
14.953180168339939	3285.6003335022906	1
15.616548791584552	25.78170580540995	0
0.14733727460294332	998.7969747734862	0
7.727198756600069	2938.8086136217344	1
9.643576878545584	2658.0923805386487	1
1.8161047115360924	2282.726407988529	0
9.224716082416307	1217.9949398882557	0
12.377807965920535	3051.3735349453627	1
12.628599928044347	4276.546279832003	1
12.90756984637936	1233.6512676458321	0
21.875359249273195	4022.7733253601837	1
3.819756577873078	3554.9185381954567	1
21.336856776224273	4208.200569282432	1
11.677136005645156	3241.075329842505	1
14.168471463033601	4156.5815876457555	1
20.2874960857746	957.3290824821376	0
14.006648127191863	571.330572287231	0
9.32608182494754	188.7875186092649	0
6.623934237156872	607.2305343882389	0
1.1976044130244272	1311.669030886911	0
1.1239557867447738	2416.19019860507	0
17.514350488782434	4153.005299185384	1
10.303573755494881	2043.9105632990368	0
2.932790471772867	472.98812146239516	0
15.90727662663077	1960.7030053975282	1
11.735485675547487	3608.461861962407	1
6.541087992247987	3507.0716998283815	1
5.175503554104168	3205.7534019945692	1
14.896216705105434	869.174757492051	0
1.744438329771218	2015.8890047404548	0
20.07414920171638	3629.263846356477	1
8.10273158416633	979.6050760731536	0
8.45429648709261	3080.59028827544	1
4.194043638037817	2280.4951765935157	0
1.3229316101185669	3177.790607595356	0
0.2290815692249879	3392.210545082625	0
11.957914975877983	395.65338561235654	0
19.858055199989117	4436.627901141715	1
4.428670992870685	2313.9524618315645	0
9.97008803319916	1694.4179185114103	0
12.869721846538834	1206.843909717166	0
8.846178375461466	1074.3053016821268	0
17.6077121215288	1553.0770354570136	0
3.477686788491405	1848.4054603747843	0
12.952228622066965	3110.9532357914527	1
10.574631795647772	1183.0693025728963	0
2.279518679883833	3049.3597743577584	0
9.392740299792937	2487.033566987667	1
12.845825584426454	1603.4525784299954	0
12.90810825017348	4134.745903242881	1
1.257572472386859	2753.2576060700176	0
14.42806035822737	1887.4456889247806	0
9.153381485534736	2172.458252541541	0
15.293526809830162	3867.55418408815	1
23.050638871623725	817.4401599242678	0
21.165826390860477	592.9662792063216	0
18.243268570405156	3354.462441556568	1
16.923524727407546	3319.742722026155	1
14.62555003238915	1790.324695296	0
11.658535852505594	2093.2136506072466	0
7.459432936837711	713.2813829010918	0
17.6162038076376	2127.229431240778	1
18.409443694383985	3774.1068684857933	1
14.300545406307041	3789.8515109947	1
15.211150768151494	692.9898354502637	0
19.13846413517044	1183.8304330038145	0
11.92685373490508	3839.509606590561	1
13.461919629274345	1515.561911580747	0
7.943314448702645	3252.887376338857	1
11.183402179402739	1859.1267643973001	0
2.6153117894691	187.72779212374653	0
12.853216453043537	2234.2271213773083	1
0.35967512996189477	3508.5777839836805	1
1.3869028618607082	224.17023736479908	0
20.207760318036843	589.4557051318866	0
4.154017556926084	587.5397469159175	0
8.610881719116371	126.0890340160104	0
14.889849029258762	1764.5119310678795	0
7.923384910487371	1287.4422838562782	0
1.2429792591634428	3448.385069196554	1
10.998227184370172	79.75420695645508	0
21.06976319670314	4237.836169193677	1
23.941762616606265	2961.7949144430854	1
14.601375763420986	3371.1885515708473	1
17.682356550776927	1327.2292280154147	0
12.19639995080377	2042.8710705570024	0
13.206410948629108	2830.414096879037	1
1.7144003419275453	4158.833687403688	1
17.74161005030451	699.9134433344295	0
17.571248023036958	3771.1327888718706	1
12.772102613451548	3165.4319311922395	1
16.199647417195198	2264.0391880373536	1
2.223605078500282	900.3177527914951	0
7.51861088821248	2003.6091805232297	0
6.91164888329704	321.24062531241606	0
0.7263552595572067	2658.6547528124775	0
1.2579213211703593	2325.3529984999263	0
14.275543636515703	1192.7984167257152	0
15.012429770307833	4475.710876983393	1
14.753699383254865	4174.8670914076265	1
5.995103376245622	1249.3705050904534	0
15.993782538738452	3834.5405081964777	1
11.619576925613273	3030.1520569786003	1
14.283910654008768	3712.0671222519127	1
23.572456110530354	2945.0639510618635	1
1.7607010589780598	4324.518452853355	1
15.610552396332935	4174.054308089401	1
19.19149015634161	2958.111534794289	1
7.247487900989303	3910.928614371802	1
7.135601792056133	3334.4237494072213	1
8.36554982485974	3528.629279920538	1
0.13032081238360949	4138.944452736615	1
15.673016763736474	877.9876871722681	0
9.085817624916313	4201.667466661085	1
19.77566219456687	3987.07326510012	1
15.054410804964613	3681.2108644005257	1
14.031514977332407	3774.34951879234	1
1.7416749768401258	3112.029658311375	0
7.2060488401815395	360.0336685773669	0
5.165218693652824	133.53178697966572	0
13.942973395487812	3899.7123094674007	1
16.802721386106104	2942.483365869692	1
21.167712119149716	2466.6513808200816	1
10.8844735613059	3592.424041476116	1
22.14961841755782	2827.086348603158	1
21.244160539876766	1188.1466821149013	1
8.032649080623685	913.681123226872	0
23.95844932218177	2540.8673963424526	1
16.047400672854682	3511.157806899795	1
12.73209252333892	653.9281494627645	0
20.429869022160734	2161.2519690525482	1
18.13556225595149	4486.79854533414	1
14.730566189823852	4473.808811712578	1
18.16439362029399	621.9732668547791	0
13.267956164937825	1045.1980385429094	0
7.312363660796161	1392.567925276043	0
2.1058170251829367	230.92952924994265	0
21.3822782173043	2473.1946676172765	1
7.722652294917826	2770.2861485628023	1
19.53338025725101	1992.2290486943277	1
14.336084500020327	564.3530494247128	0
21.583015149077664	1545.2724311902027	1
12.013355276785603	1892.8973866009715	0
14.716626547259633	1659.1048580353292	0
15.559569846950374	91.01877413752224	0
17.66918965572642	4375.247943360635	1
11.785193027050159	745.4374913798548	0
20.19814293514949	1449.075838260215	1
14.400113938106532	362.0036630676916	0
20.806076757553434	1964.1972630377868	1
8.841301220308313	1253.0408196472122	0
1.8860827753874911	3834.6933483536213	1
4.31691337504417	2539.809960967825	0
9.255538884068939	98.45370072572184	0
17.63083490748839	584.5287834362966	0
17.249774484556404	1562.3762572111493	0
10.079331460721473	4204.061467202453	1
14.37160972484104	730.0137196014771	0
7.4966478256998235	1965.9004919163524	0
19.41068791721019	1348.9576395845638	0
17.82514229178006	3154.1136359796806	1
7.619575677537138	3639.6208369225865	1
13.485293973534974	1318.1560674031314	0
19.453723149234264	2237.7407443305715	1
2.278389019505566	2803.8564990090986	0
3.030833565823424	4262.008073564408	1
9.13219939046368	2604.483911633508	1
4.384780612761723	4409.562515195866	1
11.534667185832049	905.2499730640963	0
4.091591952208774	3719.8381392816223	1
23.215714361194898	2187.7595509853213	1
18.060768232204868	1992.1667690869165	1
9.795773712667454	52.91246550653983	0
16.79626706182987	1635.2824738381955	0
6.015028437257306	1926.798217314006	0
4.4812892143488146	933.9496200328132	0
21.355026079152005	3813.9080281746055	1
8.901663438631191	2743.9856181426703	1
23.339024163449142	3734.5007160130954	1
17.30081564502519	3927.6711050625677	1
21.68013122601833	1953.406837041463	1
13.3009057820938	4133.340720760764	1
10.791481480894664	1454.7636117897937	0
23.580165029894587	2926.2812641679493	1
21.520000658276295	519.4388926175315	0
20.17875506870305	2520.372507752628	1
13.634872550751885	3807.702357003271	1
13.694730982570247	737.9392055520144	0
22.41958791380283	4438.799406411386	1
15.867337559309581	1556.827786504903	0
13.293655094518233	3223.347071648994	1
8.823590978709724	2424.760174878547	0
3.715096665491326	2835.635264325512	0
5.42377755584339	2087.9321779490583	0
17.318371559514016	196.33409797412926	0
17.157446125166985	3915.6831411524568	1
13.64344289750241	4469.76347985966	1
19.75212225010761	1986.3632937592054	1
5.636391591172603	2164.5661258054292	0
11.65233110594571	4340.275435884088	1
0.16879388502523351	2389.7139304373804	0
19.958827995894506	4417.707690029834	1
15.651695927567125	1895.5047021253504	1
2.522061604159677	3297.751945416478	1
8.057741596935289	813.9044367037976	0
8.29040337344411	1081.7944244291107	0
8.769533059878164	187.73477162635837	0
4.259704976348281	2527.579340696992	0
6.661615963598991	777.6707245424348	0
11.796958498604674	73.03064552466054	0
13.806577439640686	4273.6890106902165	1
21.32127528413349	3509.860388176644	1
7.081449733826992	1195.158349366629	0
7.816025802379718	93.3697210902249	0
10.042946314366915	4499.140156407625	1
16.31568626475806	3376.691638589826	1
14.429780815793109	1280.3978232923942	0
0.19800039791040547	3416.0120582826685	0
16.065012208686685	790.7121234216063	0
18.54797079375671	1310.2728741530912	0
11.71795294756853	2648.760618610174	1
4.113476354357433	2073.843637160941	0
23.375208584114155	3919.918318932962	1
3.672972433435344	3147.3283667964615	1
0.407126923481095	2926.1028605258343	0
12.223454895529748	2919.528076417015	1
6.202438937777004	1623.6352592274588	0
13.46894115780856	801.5280365152969	0
22.835342117195513	636.0035013061599	0
21.08829016193699	4465.52192742415	1
7.086251113987961	991.2440544428125	0
22.084636858823625	2485.4190950047564	1
15.829537002188768	2198.1196767846563	1
1.6104337812683598	1178.8507323343417	0
4.8830677383414045	1399.2632007422858	0
15.05594032678405	727.6861765659842	0
10.283761631889552	186.82617239600918	0
11.237913201339836	869.6631284218729	0
7.0793053873953875	802.9460692371108	0
22.704790016938183	1759.2502418777228	1
20.853550308485694	459.5244762777438	0
17.702029249113345	4250.533373743472	1
19.64462262154285	2100.4817231814895	1
19.865216217040068	2580.8192088918877	1
6.115011748741971	4256.003014350876	1
21.76582477646108	2123.732800250863	1
1.6553140318078565	3335.367613273831	1
5.610931492825103	1243.9985783803772	0
14.589173046524198	1972.1317083562133	1
11.972677408139877	1056.1299560801208	0
12.329206354514973	826.4309346475159	0
2.768620488777427	3126.6833439641605	0
10.011861017197766	1336.677022292399	0
4.033328682776001	2065.9654182880045	0
6.425869689517434	2382.480281333773	0
2.339863149241622	3295.6077413753496	1
22.054375844226204	4269.678370016632	1
15.442852837473438	3404.5988039896138	1
17.981661523007435	222.2931650590243	0
16.546453379330515	3478.9236206186006	1
9.116034937542853	4445.491717268284	1
4.891310097934334	3795.8523949259848	1
16.853702506732134	1222.4891306766929	0
13.791374466063207	3328.682879130808	1
10.694241215937332	1624.863612505663	0
9.360373102115851	1720.8047704451687	0
6.361583570182025	1911.0645518674958	0
0.987959655209889	2787.282685134783	0
19.233715933107646	2217.4799136903252	1
10.953317952288455	2298.4211820381593	1
6.0247308500550725	2872.7390856516377	1
13.769364620112182	2619.535736184255	1
1.6543750158661865	3991.578178238954	1
19.48489206809519	1610.2985361655542	1
5.271518773136466	1776.2981135555005	0
11.124820135029353	4101.496479113667	1
0.38555579501382997	221.59261569715372	0
12.714483663243364	1612.0632645512542	0
21.808923550576424	1138.119523091246	1
5.308493585520439	3159.985807931043	1
15.060915044750217	4235.815128749252	1
23.203477336871032	150.00523146126616	0
19.374492139800225	3465.4010150252047	1
8.125014812401872	3999.7727616498532	1
5.27979822410372	2800.394212808427	0
1.4460783906932546	591.5610008838354	0
12.308322011957166	3643.335652628506	1
14.6939535881096	443.78766403619727	0
7.65250538816051	3207.0989484083752	1
14.969453910836688	758.1598743711855	0
2.480851231318365	4343.581480959903	1
4.692065402445974	802.0580455073764	0
21.445013613796313	420.5094244446322	0
9.75903178220555	3013.9015564126034	1
13.120112520604092	2733.4485859676283	1
4.229627417679471	3419.480163805521	1
19.83676336935827	1550.658559118189	1
14.438090049022554	2756.322593391009	1
18.1595881867054	84.92362926760572	0
23.36220047082599	4389.784112233928	1
23.752534312559817	2650.7954343967917	1
11.51098643920305	1383.7829448383713	0
6.362511394962979	2896.134867092705	1
7.426715449709327	4463.861180089928	1
19.602862624965624	1543.3951236992446	1
19.066355476268086	3046.948736811155	1
22.177648080420187	3645.2159063028794	1
19.26064348358547	3680.965354237493	1
20.174344210776486	1350.925011645287	1
2.9731687997416687	1717.7178294450398	0
4.37493208268151	2963.971244425262	0
3.8539350558584626	3470.48928781449	1
8.271890288752287	127.61527567334235	0
15.780862682133643	3788.2796322408212	1
12.306843668493102	4221.162936471872	1
18.92939948058647	3740.488701763124	1
8.807198730919586	4085.1368817392768	1
9.622170120537124	546.4666836414057	0
0.2290869013879897	2427.9839444790973	0
18.945018847810022	1175.0830816930031	0
21.365141439836332	184.95639238588623	0
22.28084404077606	1834.7322976728303	1
18.85921900987329	1867.7448108668762	1
7.382102282979568	612.2949795668828	0
7.519298477853299	92.0773916849173	0
8.277376455549991	2692.210543364615	1
21.69269278406008	2432.597138353029	1
21.34650099808967	2787.3758713346733	1
2.824488346509831	1470.6934463641012	0
22.470148981913155	3793.8717022073115	1
20.49620407180937	1533.3751608193459	1
4.302436609695302	2883.682835924169	0
18.355552211023138	339.25855945165324	0
20.971338380623507	3832.2090080308935	1
7.361679027673215	1530.6206363202723	0
12.090628625074594	1651.0793685370047	0
22.104775665537396	4101.055593917581	1
19.984084996992685	1872.4359218201037	1
4.813759242251577	3004.3716926732677	1
19.677040471785674	2044.3805410808425	1
8.85074209311162	2882.774319507448	1
2.059916136034137	3440.3731562620005	1
4.573442526597154	718.9382557590086	0
4.6928635509166785	600.443492771194	0
10.737345376667484	1640.1074258937326	0
21.479021039142964	4300.92312269526	1
16.711484776354908	2270.5557195607657	1
12.032532252563424	1055.874551596575	0
13.572548634451099	3836.5620724342184	1
4.866448146434833	1924.893177965021	0
15.869540859354062	1902.4754242761921	1
10.771574988239657	3046.245426989209	1
19.73289413348249	1948.267066863077	1
13.225394688443899	2822.8626829388963	1
10.966210482640374	4337.3523794679195	1
21.51149497076917	538.0975107462789	0
4.620945895474707	3146.449734509387	1
13.825214860293725	3150.5767121509452	1
21.33187645669981	391.42447765096085	0
7.472102303593165	1977.7065100023515	0
15.650110454833719	2.4031000750034393	0
8.711575709263112	892.9686698976724	0
13.256210580817868	3663.6859340429123	1
16.862102559413426	1864.1379221829573	1
13.00675544186552	2663.5258994795377	1
20.69840049808109	709.6942833438386	0
17.411630207931445	1993.2665309689419	1
15.80890725037651	474.09261092237716	0
17.84977303562438	1312.6652502058655	0
14.38046467717073	2911.660023693184	1
23.875179089859216	3406.770981853466	1
1.6968545544967997	3272.7408914553084	0
17.257398750101302	3164.9016023950203	1
20.93001796033767	964.2628306453328	0
0.735024699913299	4407.007807999266	1
7.034836086111883	1589.2240785427896	0
11.129360105421533	1689.4733777244846	0
8.760563695722292	511.16945053436945	0
22.364985447143034	1356.1836069288324	1
8.566187587000714	2516.7872430178504	0
0.7215507439859117	1986.6598853647417	0
22.64739986937721	1207.7288096623045	1
3.8824156486087356	2762.753175329502	0
14.722389906160306	2312.120777780167	1
0.6236409406566628	1040.1924355817512	0
14.857611005350966	1646.884002806945	0
7.474775149859921	279.1419619271829	0
5.722332424819579	192.55347560920387	0
2.515113506293587	2347.486776537846	0
23.132148028290466	806.9014979770648	0
9.403662290533948	4163.839243264043	1
8.947630358900728	4224.066965437233	1
15.033262041153451	2743.1794999476147	1
8.743356439795704	1479.9990632182544	0
10.699838270338446	461.31254057352663	0
18.132634889338686	3814.18751679043	1
2.8936906762504453	1771.0228991517993	0
5.32035256230373	3170.7567416008305	1
9.94399771448926	442.6007611438713	0
2.487921524018775	3285.955790336639	1
14.531212865659992	2901.9933800812696	1
0.10893545336204813	110.22101555112384	0
11.589412565263522	1514.7461688285423	0
3.9872347988457095	2577.4589530250314	0
21.70517777796531	894.3609382846982	0
23.561119686545446	167.16845130384323	0
13.599314498715142	1536.4135974007152	0
5.832965142146224	3036.3834505843947	1
17.300245575944412	2657.087706597823	1
7.781851660978401	1698.779094736748	0
8.013013778670608	3697.982954102812	1
20.58682031637199	2101.262246919434	1
0.23145330570725875	3414.044101873102	0
2.6316335292416637	2179.852782304328	0
20.14000885112442	2576.870808919143	1
1.8289213549640948	1125.5505125773682	0
7.897084738313822	2233.766890838083	0
15.776693409399403	2247.362955525475	1
20.154650477584774	1344.3917950902849	1
18.987222427049684	1287.607612462267	0
15.657658437301837	2569.5214124902595	1
7.445283628390435	2934.745421688837	1
14.772123279933407	3585.2423793838725	1
0.6331359139749662	4050.604262007711	1
9.136387426871828	2217.1868826665923	0
0.4535733703337259	1466.616313004422	0
10.88173545891945	3922.440584894944	1
10.783927892665785	13.76925157807185	0
3.7734108357355316	1287.6276611142143	0
12.523535406166186	4125.413167126317	1
21.465311820869893	3025.917147497256	1
19.704867091455554	3268.404475174956	1
17.09377445250778	3469.255617375343	1
7.525410769313112	107.60537476746707	0
14.90007714411739	1542.9642049545944	0
0.33700351167255427	4165.824870553798	1
18.519276873126547	1994.086067116691	1
5.8288171835882725	1909.777018161288	0
0.0940971832270634	3428.4601937529073	0
1.3031966985546646	1090.476640614987	0
19.46948935100354	2348.4276486813005	1
18.22228060819404	2591.9042571172536	1
20.861025268655943	3513.2722074589033	1
13.808956895886132	2485.4746124129306	1
7.320473381600653	1144.4801282862563	0
4.177376690473938	3339.3049594634304	1
23.34531961453136	1653.524328379949	1
0.39423195120140786	3003.8830454571103	0
23.324794924542047	3253.0583852881678	1
13.164109091101476	4456.138624916285	1
17.34581192812737	866.1148032897655	0
13.251084039621144	126.51905851959438	0
11.680854135593611	1063.9595370298855	0
15.447858706255541	2844.6206452770125	1
22.821950167351858	3395.950057730181	1
9.99965274959494	4017.91340945915	1
15.45221213771078	1659.0978463769638	0
15.872743153334596	2177.5664018601556	1
16.20242661703255	161.16703410921224	0
19.5275046182988	1160.8537960739986	0
17.0772570206408	3325.5009381714394	1
18.334467519785605	4014.65459803557	1
3.6054996785579903	4139.396617805201	1
17.143743350141406	3109.793746591732	1
7.610020547282141	1270.9784982632286	0
3.0796282269011703	3166.817406556755	1
4.348877115159541	669.3262780499922	0
8.141651283895818	434.82347880521274	0
15.059178186166335	2808.40859375091	1
1.3847010057514355	3480.5784717944307	1
14.541154417061936	501.94783494897706	0
17.531974062455276	1179.651249203471	0
6.642725911987154	2421.1663504853386	0
2.076260801811217	816.4819081273014	0
3.5413224209774956	3036.8377686196563	0
8.290317070183296	4377.724182994673	1
11.086197978875946	385.4116731209177	0
12.729910796082837	2428.984212550273	1
22.552571927565033	2604.130506316521	1
21.362235241896798	1814.8661629961775	1
20.35602369406371	1876.1387713900626	1
4.841647767578905	2675.2604933083894	0
23.122689775034367	782.2627263906091	0
4.718439884017419	3928.287582308574	1
0.5286813033468221	3060.597407051876	0
5.581407765334964	938.3555106326055	0
10.177208390310106	642.6747257067306	0
10.170105771930313	3275.7787754607243	1
19.950799520084725	1630.405689539761	1
21.81252052248103	2017.5200452946267	1
14.276972680236387	2154.0488539376215	1
5.718422954393564	2680.4409153371967	0
6.818464057707627	2783.731384483182	1
7.283915363131739	4420.338687418208	1
3.3303921939421848	4061.1523783127614	1
4.065675386633	4258.491042519479	1
9.276771604793907	4281.816657073639	1
8.425030110996008	1760.8655761445457	0
9.00961379970275	3026.8610980211993	1
8.977915934253232	2629.4164007813265	1
8.812180725498107	1863.0069387931098	0
7.830571414046198	2790.350081546739	1
12.86975974325511	3686.455076747237	1
21.100490662568497	623.4889581561716	0
14.227560250901906	1484.3581194111564	0
19.730901009109253	2190.0050339798922	1
6.491923444674712	2661.8047442940765	0
16.08342166829553	4209.062090105776	1
15.43141362283016	1406.4766482322582	0
15.008184519374872	3137.3931121937653	1
1.7321117990270984	1831.9984240482293	0
3.018175298068619	2491.610037900564	0
2.556132575156022	2414.9966288255573	0
9.793727200184197	3383.687472774469	1
13.391884908382519	1420.484706393236	0
20.37166349856841	3430.3240606104528	1
19.670885912236866	2557.0280765570296	1
9.97502153865662	3258.2511194515323	1
22.358994370642087	2884.0253804267345	1
1.2115956393915654	1619.1052806161695	0
3.7978321655117595	1066.0562955736614	0
10.993778767171774	2393.0890327877573	1
23.164747531537465	802.3394746527383	0
0.03746618594690165	76.32220795837752	0
16.67218918114521	434.45264149055674	0
11.666193405746416	1264.0429246501028	0
5.482148077975901	828.5362564302261	0
22.827651072047043	2798.031397902183	1
10.494080577091058	4091.266644416832	1
12.867095055061924	2657.0066675239364	1
13.3411856902512	3495.5228689297714	1
23.87032271118641	639.8422180249958	0
20.051294995639037	663.9024655166921	0
9.179210620196866	1903.0579700689984	0
15.119188600966329	2970.6714939272683	1
7.606157976426073	4167.258832914563	1
10.113397409709016	693.2164334346055	0
8.40444305585292	1578.2604621990927	0
16.508010368541335	3068.188088178625	1
22.659986317125586	400.93429194077294	0
10.596336267948594	2833.678891541398	1
14.236296165393338	2587.110105646645	1
16.864038819180433	1387.5799556958857	0
9.416010106286253	2545.248667253853	1
23.37397124046892	273.7469781514544	0
14.792916475218838	294.59196281653874	0
15.789600967427376	353.6472091761337	0
2.774757044659215	3603.2475919403714	1
21.597941603777095	3361.7753332906686	1
6.478099761054735	1614.8393278607514	0
3.852926964358679	701.7735704045151	0
3.9372288863303977	4008.2826746568458	1
2.749945398675947	2294.0786375771418	0
14.623608818365735	789.5863835473625	0
3.5543689576108903	3111.2571363773864	1
21.175591271831934	1238.327908379218	1
19.951010807115278	407.77274563104953	0
6.960627518718018	2914.4989200158457	1
0.41413086313254066	3655.9615866792064	1
12.413255193402389	1939.0849782941564	0
12.593666699765482	1315.9129606605509	0
17.055814276272983	2967.1230859858083	1
18.20680170025248	1277.1773172075052	0
12.157209601672584	168.73351774312707	0
16.19125038929688	1962.5024657319912	1
0.4716485321028072	4461.623734961718	1
7.929417605885898	3189.1219735383356	1
5.807863606943511	2771.280476170477	0
2.055836465957964	2028.257843549035	0
6.4404189823334566	3357.0190930084614	1
7.640304362298546	1969.7239179576002	0
9.845767379540316	4443.016467464274	1
23.54224832409964	3948.4834269398357	1
18.082523740770007	1252.017545676446	0
23.82501511360582	2720.3996463032545	1
18.11275171468979	3186.4669692539082	1
17.28229439946466	4355.159579270565	1
0.10026797574224133	3426.155518443356	0
17.01579464961147	1517.2136925316215	0
8.678834542531096	3271.9252804739326	1
23.599812977164234	3066.883858031474	1
14.35462591651773	4259.244783271702	1
13.052922498123257	3095.807135550731	1
22.70294825595724	112.40736747947943	0
8.540688068171747	3152.293082257093	1
15.560371697802456	1363.8470362115784	0
7.361166525872601	1484.585777975028	0
16.965297427741376	328.4770667786938	0
20.402677052847558	3586.4129677800784	1
17.81624158035011	1090.1094676298708	0
14.363012151542303	2409.2347896914266	1
21.979897981702724	3298.187247442126	1
2.224792976276688	3483.629073361395	1
15.420106643551037	104.50732524009965	0
16.064310941005587	930.252394145472	0
11.001840325553452	230.83303274639843	0
16.46927793951859	4195.381939144665	1
18.89475878782943	1573.1464169477763	1
23.62238075343032	4416.718093330334	1
8.009036994869199	32.46379448293768	0
14.174903438428352	103.82330034717374	0
14.838356889317758	3890.8001818972502	1
0.5168755429359564	2678.2081834840287	0
14.720338484277477	2079.4960669502193	1
13.224134225244857	2422.4405308923406	1
15.488710144238706	2199.1893302757603	1
12.189574879416433	120.2555979015552	0
17.729362516703283	1433.065093930074	0
11.243853726885451	1435.9090769565757	0
3.331643276658351	252.95728731333773	0
9.844183426905731	4053.5616969132852	1
7.209693960138249	2086.1013722552616	0
16.970140054981584	4162.782286546941	1
4.530842255100418	1904.4991625955136	0
18.338914781764743	3667.8538087611105	1
7.301859205288135	3634.732591516746	1
5.874575673136569	2984.734408226145	1
5.240009785844352	1024.5763500093544	0
10.247350200576836	4388.3025159619765	1
14.149573682961119	3998.421180283205	1
6.041008015683996	1318.546717709583	0
5.4526307405604975	3232.9722454567573	1
12.48973509701017	2283.4553421397595	1
14.095249533616268	2953.253518628316	1
15.866689564452908	2090.6109441278113	1
8.926266753247074	3475.008021498438	1
4.595615613099611	1632.4511474508495	0
11.52137039229374	37.45713571864301	0
8.805374916045427	2918.6747128181523	1
4.4526918371767605	891.5491555565322	0
23.521452183468284	115.67219319841277	0
22.323548238711773	2385.8631714744224	1
6.5152152958478835	1991.7574018604698	0
13.777708442625324	495.10749440693064	0
16.809149395656178	182.20460721321552	0
17.695009842235887	3492.819586779807	1
14.964928060143976	1291.0928260821793	0
9.6754839012922	3240.2645354040997	1
22.59723095030983	122.55969744871503	0
18.9909688752711	3760.4075538073193	1
20.5813160927109	3219.020739804084	1
9.443450269652846	2046.7904983623037	0
1.4986367808302443	3734.3404149703356	1
13.861664311791493	257.9277328278041	0
12.96598145543182	325.2913704618757	0
3.587884265451886	2384.3697718117987	0
15.552114547841043	3357.095211128852	1
12.6288121705847	530.0487855816818	0
6.527087016577007	508.7745065253836	0
6.124212646767818	3146.587657187887	1
0.04235346663717365	760.8189443327357	0
22.190877420826524	3878.866257696027	1
2.090720764874442	3520.515349413839	1
10.973619869233069	3756.6397021680486	1
15.758681853306822	2575.5659164846943	1
23.956411327729096	4334.364962477307	1
4.2302742001973295	1452.3860796834986	0
23.957852895311365	3259.4728560117287	1
5.518676611998597	538.491477905022	0
7.591664287739607	1789.7601260907024	0
18.927726623275646	3216.2737893063127	1
7.067843631093203	3736.5089964880112	1
6.350999429101959	4218.167112305172	1
1.1395939718952324	3493.763713932194	1
4.67135382767184	1333.0056837999864	0
2.358034294449519	1742.219250545075	0
23.16765703291106	3839.4684662105496	1
15.725277948400038	4233.594253050354	1
15.599725264295191	3394.566396421578	1
5.505093287556711	3630.021464855012	1
2.1912212435990917	1240.345236099053	0
6.821886411662219	3585.9498640760926	1
13.563965367387567	1271.2954654339985	0
10.984808077649307	1331.9717853359566	0
9.353143623642485	1659.9071241613078	0
15.247295367250853	4233.625486019442	1
5.525262658989369	2590.8230813357945	0
14.381768217698772	412.06168619731943	0
5.900402271322882	3963.0182554754115	1
3.3093206946528992	4046.0447390693735	1
22.81957188820405	1244.670469532623	1
20.90492640577164	4022.471081225367	1
20.750144306119257	1949.5441156366526	1
11.152818232746071	670.2569105563086	0
7.778397185964096	4190.653165533993	1
7.226247915222472	639.8940669433895	0
22.27324644634143	132.87360963162277	0
16.827596145448275	877.600725511976	0
14.89273050847564	1432.3971739062465	0
21.64830209319133	3148.1124949154837	1
20.0637549292018	645.4646627210922	0
13.957226514185212	3548.440894972901	1
10.155828021188412	4186.796759522686	1
8.179361090189214	3312.0383254750413	1
22.842522664807863	4417.988121315724	1
1.1122396126462792	1093.3797569559497	0
3.3646325085418196	383.2407708193111	0
18.14572125918179	3631.5636170845337	1
11.323655008040829	4232.369500766182	1
16.17105899275986	4151.262125257329	1
11.061460882434538	3401.54715676677	1
15.571250824949834	4455.8605792185335	1
23.398385354763583	3879.067317644274	1
17.55054590973007	893.8960718604861	0
5.462731461081028	3552.794433393711	1
14.73458902610992	2772.792486113539	1
16.80535015592895	3734.4547125927256	1
22.080614668213702	3919.335754909665	1
0.6183644666116601	4458.076494327577	1
17.5389633239056	1390.202504745107	0
11.069714630591246	3226.7802092619904	1
0.8204491750148843	2283.3803588232954	0
11.7272578964393	2885.97997997557	1
17.24578600310102	3014.0849870814054	1
21.298608089144444	402.7423899499515	0
8.880606391731746	322.7777240905424	0
7.420942104075659	1895.5401398299027	0
14.936581896049887	1482.1594101314158	0
8.162402452490344	1100.1480418979052	0
18.064584633899067	612.4582178556125	0
9.628558337001209	121.01645164440362	0
5.556834636112683	2249.178229797391	0
13.925242670835962	4400.268290102372	1
9.516751357747186	887.4877936801754	0
9.065311050087436	2596.6445201543984	1
15.349972670934468	571.9091201581543	0
18.53014278967427	2269.0900813924463	1
23.363153501198912	2841.0224041461897	1
11.103932850046114	2220.531165981692	0
18.68412078058733	3848.410271252953	1
5.687161784292455	146.51766287332745	0
10.553648446086605	3469.728238159647	1
16.627265525990126	2787.811034829028	1
18.94866228751736	1078.6008908193016	0
14.535821654837463	381.63501983776507	0
22.0110268581059	2459.910670376835	1
15.559073596117367	3389.5807456719563	1
11.93378713493156	1569.1115512157196	0
19.312195139575454	1515.580362423631	1
8.766504483045	1162.262173967254	0
17.52893524493833	2446.0036898285302	1
9.722071401852327	1465.6370261016468	0
16.394555038902297	2015.0502245419846	1
23.85560111450486	1780.0131986864942	1
23.730477565609533	4442.098223049644	1
11.534283848905075	4184.5750934691	1
22.112329600212114	3967.874920784482	1
21.144550471748524	3279.9703584398294	1
22.312959773594606	778.1234098569574	0
13.369292643002305	3880.7039899277233	1
18.178774293314746	246.57131284909954	0
16.12564142906749	3481.16919605306	1
16.141757777341738	3901.9119098991414	1
23.385732785008695	3023.5488433288565	1
16.039695935624245	1625.9782215614152	0
20.405063023434284	1897.6267431361096	1
11.405575047437868	2156.8656153599886	0
3.0878423789586167	3372.381046406788	1
0.7298385678622141	2278.9488876122	0
6.102470663928604	341.7971949087407	0
12.09133568468393	2364.0858803328	1
1.7631921792272882	3574.422734854362	1
10.198016654002437	3521.038419398486	1
22.78157373195194	2351.1923405661464	1
8.168498169214786	3466.497547491463	1
9.118579096138443	1030.7306904676054	0
7.532959301805802	2284.885418845131	0
20.355324722739805	1978.994490514912	1
12.530700078386285	1052.1545543621723	0
23.563130914433458	1247.2529849257976	1
10.434602860032502	4100.694751641801	1
17.186008531067024	3710.428862979891	1
3.4619200170084845	1617.2397616911646	0
9.415058790499284	1091.9689297589257	0
6.469048538756417	2327.978027254608	0
9.14412602629632	842.3882012071449	0
4.5942375161158555	2737.0808541493334	0
1.0092353640818716	1034.630076044886	0
5.357163763355562	2690.063071765543	0
7.780648900648709	1276.5219429882231	0
20.41580995268714	3836.8720895460615	1
0.32800757741388686	1444.2604457452744	0
20.14100853181946	4269.218832206117	1
4.697400410875012	2941.0759235495907	0
9.364710846922115	3580.057066748759	1
10.358806411145316	2970.7322976780347	1
21.92951617050176	223.50578911235235	0
11.784007313906395	4465.4974552387075	1
19.4185165640654	1892.9904756325222	1
16.694474305029928	2688.6438524144983	1
11.296289564571902	3409.029129497677	1
7.889000737733105	595.6394211483816	0
17.846713623094004	4277.143727086801	1
6.717367918682922	3473.183495515626	1
10.660178157606683	52.50178964033964	0
21.787174319642137	2376.2941497788297	1
11.457935198805263	681.8815006139189	0
22.08207428150929	3820.593631057206	1
18.318944050399665	3438.1607813189453	1
8.344689509264759	2746.2991118254877	1
5.4915651285120015	3413.358949253048	1
14.501894347830987	3731.2592855738685	1
18.23439468456827	2596.5898145076726	1
13.908989243465754	1119.8130457383816	0
23.346457086494226	4278.332683789223	1
19.489697997589026	2054.099925838487	1
16.903575209022797	2500.124999903093	1
21.474481795594055	1827.64821880217	1
11.473986696589064	3446.1177792583653	1
20.96713898995484	4222.11922192161	1
2.67614179790115	138.76714841823613	0
13.597717531891648	1267.917291856677	0
23.898310579255025	2506.339736434885	1
14.036658837523333	2258.193440494821	1
21.4589255840722	4052.767432385446	1
3.5841287178429972	1067.023428487775	0
9.735653981263667	637.5143894123919	0
3.743508332887873	4103.34401792181	1
7.875417882934416	1755.8515577620894	0
19.232318019880783	666.9304905358241	0
9.9767274693069	4289.117510554028	1
13.314334042093815	1347.7271955598042	0
22.441493475614248	4304.008470575135	1
18.282563571028753	1791.9754490464945	1
19.234437419463493	3466.0431455004978	1
2.9502654069139718	214.93896470417067	0
2.503253905339508	2160.4680623779714	0
8.109578386419262	1202.6704908975878	0
0.14257285933461983	2612.467723526104	0
13.875004486190317	1333.3775870777238	0
20.36896659846079	1171.4657960128488	0
2.6043006039345347	4110.880006971599	1
9.585087993379341	555.4557427190161	0
20.754131212906525	102.11288635471372	0
23.324687176035376	3850.516898413603	1
14.078018143955315	3683.933607553691	1
3.7392571950315894	475.6293382460798	0
4.636069029217959	4273.740780220231	1
7.527946919691899	1758.181709855627	0
20.04150847174479	2432.6385472849906	1
13.440806282539205	3481.471665790541	1
16.49184454650747	714.5710977046577	0
13.587054134336725	2568.3272392568533	1
17.375654024431437	380.0736022042513	0
23.56990020050497	2907.05803416552	1
23.65247133239211	3434.8482276444656	1
6.523579256909156	2026.0275015694701	0
17.9327048963392	2739.714891620646	1
6.236117197441147	3402.5335737701603	1
10.946031497980904	432.03543183302094	0
10.192109413687213	1445.804428590704	0
11.200587973632228	1857.6698366636028	0
4.028276588381906	1375.4921339381785	0
15.59655065961638	4416.944102988224	1
7.325926369454873	1931.3128064997802	0
13.26031448701257	2508.5538808369283	1
3.2151177048663486	1654.3688721395688	0
5.658710306935918	3096.9495164501595	1
1.6331621909229108	2101.8849613023726	0
20.49878246162462	446.3651890462797	0
8.655843595217629	356.7242454526622	0
21.43476643882694	786.5170440458259	0
6.680234052124809	2917.5234350156825	1
21.88574556310786	1915.3860575814385	1
22.163700946784346	1292.6955732860656	1
4.45599373814508	1766.6259135921423	0
13.091066331911064	381.6556389053329	0
9.089988600971248	2103.3376957557352	0
20.825595555255465	1323.3055062604437	1
10.706225014798104	4190.223489328762	1
10.736250410298823	1817.144786190343	0
3.870306851684531	1036.0897888674212	0
7.332068933482858	3098.4581796876532	1
5.655724373512692	4460.850619948187	1
20.89523996126712	803.9383341390643	0
18.095049934999622	378.6712625484075	0
2.285047246133624	4181.072567486299	1
23.34913581407813	3807.048690959455	1
5.952393805449413	2399.5321421939025	0
21.834343712067923	1479.8693644521018	1
21.2747359706424	206.16543677564385	0
9.27437708970509	1075.5839372269984	0
4.140750081556013	2431.084438108852	0
1.7115711855928204	562.1492832278111	0
5.811540406080526	481.91637901940584	0
1.9632683524244028	4240.38935500498	1
11.097457746847024	2493.6484420203674	1
19.812585734125303	3176.9670749603674	1
1.0703970841941919	4095.018722550565	1
19.243850265120543	4135.589446293317	1
4.875660994543862	813.034684757536	0
21.94322480475563	3018.824532338019	1
20.063599552579582	3196.408146077024	1
11.024640177215106	4220.919117116753	1
8.261319679590468	1561.6661871807278	0
14.159503557843848	1161.2850813419006	0
22.20260644458836	1979.8577909790406	1
5.1903913739658	2987.8464729062357	1
5.70878704945846	3815.0650138147676	1
23.01334931515193	983.4080841278447	1
8.14515403346021	3710.427526849424	1
5.028022333313346	3669.182639922312	1
13.226940678440748	2229.717815177522	1
14.442318714135546	1724.8645061866152	0
6.155689443702622	2915.175686649195	1
23.41241372781765	1644.5506341707853	1
2.2956681853006353	3501.4635721256054	1
6.088801337038433	3020.3725964236323	1
23.71793433851506	966.0724624601048	1
17.42309554149459	3028.38506462293	1
10.599918981589354	3185.8156709912987	1
15.970644897275546	2542.3587104510298	1
18.137348441800118	1396.3195488754018	0
23.845555264588235	3354.435630519114	1
4.688461107633346	213.50969075004122	0
15.290084587202088	36.00131606479068	0
12.512258075802341	2615.2732714921176	1
13.126114304522773	3462.5847790270223	1
8.913139042280516	312.6154509002653	0
5.4298372118946965	2937.4428162903587	1
3.9606572342227366	1957.795270311485	0
20.03788033057464	3596.015005932163	1
18.73406450396216	358.06737805899184	0
15.644655327767715	3716.5529085355774	1
4.29285200171322	1908.063551878931	0
4.111497640604379	1730.9955376055736	0
11.960499240136942	1178.876374302557	0
11.202785961003674	160.82785248931668	0
13.511143644692748	485.2320774462429	0
9.733231928517537	2391.771033526801	0
5.131487294574642	487.4261109284745	0
20.85701881496239	3060.511424696408	1
13.156761717048475	2157.4543318878927	1
18.286149723433944	2160.3960886572395	1
23.889902688107917	1655.0697462553605	1
11.397692763795149	3689.972259309832	1
10.393596622601017	2595.8932775579274	1
5.947013123249542	563.421084414162	0
4.133612012430605	1451.9942950574027	0
13.32186672148082	102.1507450320468	0
13.38057978663835	1997.1524934873569	0
16.768109448252076	3984.840876600815	1
11.43991450909991	4421.141070787949	1
5.786798704261526	2343.771853404889	0
4.465002570226253	1529.0142245570435	0
2.741566240136737	2815.0802476835624	0
13.924402418958845	741.6924187994531	0
15.436247388225393	1663.8467252158237	0
8.97671484516274	1307.894619597777	0
5.421356940842767	4413.11645040916	1
10.07819472574495	3158.824434401694	1
8.365650922529664	2858.800541542738	1
15.11557767909921	3362.196398177013	1
18.322046036146347	4041.818968947883	1
13.84171794319905	1404.2506902577638	0
12.605732065054678	3866.337624770617	1
19.589991140271387	2099.6905509451117	1
17.532882439277607	3627.575141914321	1
1.8130749505144763	1951.9901048713277	0
16.829144546239956	2721.2966100828035	1
6.743044647856289	226.49786297613068	0
9.43194365742093	3055.869109463666	1
8.716314481724105	577.1147233564278	0
10.71549245546036	2909.896690955869	1
9.533022812023038	2222.844376353161	0
9.21690026225744	2136.4196614806515	0
1.5109936488313824	365.1746640002927	0
0.4626855671514427	1895.6734638603873	0
22.94681741600968	2243.9868392066464	1
20.60578421884137	1724.8411935973313	1
2.2150951130078136	4302.70850989973	1
7.744053655112044	3902.2578938223633	1
14.916248784894435	2632.0240987310035	1
22.03388096843702	3151.4630230767007	1
